1	96
2	16
3	24
4	8
5	98
6	7
7	64
8	5
9	97
10	26
11	17
12	64
13	11
14	13
15	97
16	56
17	57
18	95
19	26
20	53
21	32
22	46
23	29
24	27
25	69
26	6
27	30
28	66
29	86
30	94
31	25
32	79
33	56
34	2
35	38
36	46
37	40
38	27
39	58
40	78
41	30
42	68
43	66
44	43
45	12
46	1
47	21
48	71
49	54
50	83
51	29
52	57
53	23
54	36
55	39
56	38
57	29
58	17
59	88
60	61
61	89
62	42
63	77
64	22
65	60
66	76
67	91
68	60
69	65
70	51
71	60
72	21
73	33
74	76
75	66
76	43
77	11
78	74
79	49
80	64
81	17
82	25
83	65
84	22
85	92
86	74
87	10
88	57
89	82
90	19
91	59
92	87
93	91
94	32
95	46
96	39
97	15
98	24
99	18
100	41
101	3
102	34
103	5
104	45
105	79
106	85
107	21
108	23
109	74
110	63
111	45
112	40
113	74
114	63
115	73
116	60
117	39
118	43
119	2
120	40
121	43
122	61
123	88
124	94
125	0
126	12
127	99
128	36
129	58
130	44
131	69
132	61
133	24
134	48
135	5
136	36
137	94
138	17
139	13
140	63
141	90
142	12
143	14
144	63
145	67
146	99
147	38
148	15
149	52
150	28
151	23
152	19
153	42
154	83
155	63
156	48
157	96
158	67
159	45
160	85
161	52
162	17
163	86
164	8
165	94
166	78
167	65
168	31
169	90
170	91
171	40
172	39
173	87
174	10
175	99
176	60
177	15
178	54
179	36
180	15
181	75
182	27
183	78
184	33
185	19
186	45
187	92
188	47
189	23
190	57
191	38
192	19
193	13
194	56
195	13
196	3
197	12
198	35
199	28
200	9
201	58
202	58
203	27
204	91
205	37
206	4
207	89
208	92
209	36
210	16
211	3
212	73
213	80
214	72
215	58
216	95
217	35
218	59
219	98
220	33
221	30
222	25
223	17
224	74
225	54
226	19
227	52
228	88
229	5
230	95
231	6
232	88
233	71
234	75
235	78
236	16
237	57
238	86
239	2
240	95
241	46
242	73
243	74
244	60
245	43
246	77
247	32
248	76
249	45
250	21
251	51
252	37
253	51
254	3
255	62
256	54
257	59
258	15
259	21
260	97
261	75
262	47
263	95
264	61
265	32
266	47
267	13
268	49
269	17
270	49
271	72
272	56
273	46
274	53
275	94
276	43
277	9
278	96
279	22
280	45
281	2
282	75
283	53
284	40
285	43
286	92
287	45
288	46
289	27
290	71
291	21
292	65
293	1
294	55
295	28
296	27
297	86
298	72
299	55
300	81
301	6
302	69
303	14
304	0
305	88
306	16
307	27
308	84
309	96
310	17
311	54
312	2
313	70
314	81
315	77
316	12
317	55
318	83
319	43
320	23
321	43
322	29
323	24
324	28
325	79
326	98
327	48
328	11
329	28
330	91
331	81
332	50
333	65
334	56
335	45
336	23
337	99
338	26
339	73
340	15
341	73
342	71
343	67
344	82
345	96
346	74
347	10
348	63
349	97
350	12
351	87
352	16
353	71
354	32
355	38
356	54
357	36
358	12
359	43
360	37
361	27
362	56
363	43
364	35
365	64
366	85
367	72
368	16
369	55
370	82
371	12
372	6
373	68
374	94
375	6
376	58
377	21
378	68
379	29
380	19
381	63
382	4
383	46
384	50
385	9
386	59
387	58
388	52
389	74
390	61
391	34
392	77
393	94
394	87
395	41
396	9
397	53
398	85
399	7
400	52
401	33
402	2
403	95
404	74
405	6
406	39
407	33
408	58
409	40
410	9
411	3
412	78
413	39
414	42
415	18
416	41
417	0
418	68
419	54
420	40
421	84
422	70
423	76
424	18
425	14
426	60
427	59
428	50
429	50
430	26
431	34
432	67
433	9
434	32
435	95
436	40
437	45
438	49
439	14
440	58
441	77
442	10
443	10
444	23
445	11
446	87
447	29
448	44
449	74
450	81
451	76
452	80
453	46
454	23
455	17
456	40
457	26
458	23
459	36
460	60
461	17
462	47
463	45
464	80
465	82
466	22
467	24
468	59
469	7
470	77
471	17
472	25
473	58
474	4
475	54
476	62
477	21
478	22
479	39
480	89
481	47
482	84
483	56
484	31
485	36
486	71
487	69
488	77
489	55
490	47
491	61
492	1
493	0
494	41
495	49
496	36
497	89
498	42
499	78
500	7
501	78
502	66
503	40
504	35
505	0
506	9
507	69
508	52
509	55
510	28
511	18
512	45
513	28
514	11
515	32
516	53
517	46
518	30
519	37
520	71
521	17
522	74
523	18
524	79
525	37
526	27
527	37
528	15
529	1
530	49
531	32
532	92
533	19
534	77
535	73
536	2
537	22
538	74
539	93
540	63
541	3
542	59
543	92
544	83
545	5
546	39
547	6
548	18
549	92
550	21
551	8
552	31
553	51
554	10
555	71
556	93
557	6
558	34
559	74
560	80
561	27
562	75
563	83
564	26
565	11
566	76
567	99
568	68
569	25
570	91
571	75
572	53
573	35
574	98
575	16
576	57
577	49
578	40
579	83
580	2
581	22
582	31
583	46
584	16
585	85
586	41
587	15
588	88
589	97
590	17
591	95
592	88
593	58
594	68
595	87
596	61
597	20
598	26
599	59
600	97
601	88
602	67
603	87
604	25
605	42
606	83
607	10
608	96
609	0
610	14
611	95
612	14
613	92
614	4
615	56
616	31
617	84
618	57
619	99
620	26
621	29
622	81
623	16
624	78
625	59
626	16
627	20
628	42
629	84
630	28
631	51
632	23
633	80
634	36
635	45
636	95
637	63
638	38
639	59
640	11
641	19
642	45
643	98
644	40
645	74
646	41
647	97
648	0
649	16
650	15
651	59
652	1
653	37
654	0
655	37
656	88
657	81
658	3
659	74
660	75
661	66
662	20
663	77
664	8
665	80
666	13
667	68
668	91
669	20
670	83
671	98
672	11
673	70
674	40
675	8
676	82
677	36
678	1
679	53
680	94
681	16
682	87
683	99
684	31
685	63
686	89
687	22
688	83
689	73
690	68
691	92
692	58
693	41
694	26
695	0
696	88
697	46
698	45
699	45
700	5
701	76
702	31
703	11
704	76
705	16
706	85
707	68
708	99
709	2
710	53
711	88
712	42
713	57
714	33
715	51
716	42
717	90
718	61
719	72
720	34
721	23
722	89
723	11
724	78
725	59
726	13
727	77
728	65
729	54
730	70
731	96
732	53
733	10
734	5
735	39
736	1
737	54
738	91
739	95
740	3
741	32
742	60
743	71
744	43
745	82
746	65
747	50
748	73
749	18
750	50
751	50
752	35
753	82
754	65
755	31
756	23
757	95
758	9
759	59
760	1
761	1
762	38
763	93
764	4
765	32
766	18
767	76
768	51
769	55
770	89
771	5
772	10
773	46
774	46
775	97
776	75
777	28
778	83
779	5
780	32
781	7
782	60
783	41
784	79
785	38
786	23
787	96
788	66
789	84
790	3
791	26
792	64
793	39
794	66
795	20
796	37
797	85
798	13
799	28
800	14
801	44
802	41
803	25
804	33
805	1
806	40
807	90
808	24
809	14
810	3
811	44
812	12
813	64
814	30
815	39
816	85
817	52
818	84
819	97
820	93
821	64
822	74
823	74
824	0
825	7
826	59
827	84
828	12
829	49
830	55
831	79
832	41
833	48
834	33
835	33
836	94
837	59
838	6
839	91
840	90
841	93
842	68
843	79
844	71
845	63
846	96
847	58
848	63
849	68
850	52
851	0
852	82
853	30
854	58
855	96
856	79
857	97
858	31
859	42
860	69
861	96
862	47
863	47
864	69
865	60
866	86
867	79
868	27
869	85
870	18
871	30
872	11
873	28
874	24
875	57
876	19
877	39
878	83
879	94
880	42
881	5
882	44
883	79
884	52
885	14
886	84
887	63
888	81
889	74
890	35
891	62
892	52
893	74
894	93
895	58
896	34
897	87
898	52
899	92
900	83
901	64
902	50
903	82
904	89
905	12
906	53
907	12
908	2
909	24
910	18
911	57
912	89
913	47
914	6
915	79
916	67
917	55
918	87
919	99
920	59
921	82
922	78
923	79
924	33
925	59
926	30
927	11
928	23
929	70
930	23
931	15
932	94
933	90
934	6
935	4
936	4
937	56
938	65
939	38
940	22
941	14
942	25
943	85
944	26
945	64
946	87
947	7
948	83
949	19
950	60
951	13
952	81
953	84
954	22
955	79
956	41
957	35
958	17
959	59
960	49
961	16
962	39
963	18
964	84
965	52
966	97
967	18
968	89
969	17
970	94
971	16
972	26
973	65
974	73
975	41
976	54
977	9
978	14
979	5
980	64
981	45
982	30
983	3
984	95
985	65
986	42
987	44
988	74
989	22
990	35
991	28
992	39
993	82
994	40
995	99
996	85
997	71
998	71
999	19
1000	64
1001	55
1002	57
1003	17
1004	99
1005	77
1006	21
1007	13
1008	24
1009	80
1010	49
1011	47
1012	22
1013	37
1014	14
1015	95
1016	48
1017	12
1018	78
1019	91
1020	70
1021	8
1022	99
1023	5
1024	83
1025	92
1026	81
1027	19
1028	62
1029	33
1030	57
1031	63
1032	57
1033	49
1034	10
1035	43
1036	27
1037	10
1038	18
1039	98
1040	49
1041	73
1042	47
1043	46
1044	58
1045	43
1046	51
1047	93
1048	13
1049	82
1050	25
1051	68
1052	68
1053	17
1054	73
1055	67
1056	83
1057	9
1058	28
1059	50
1060	21
1061	88
1062	86
1063	6
1064	75
1065	79
1066	69
1067	20
1068	44
1069	76
1070	83
1071	27
1072	77
1073	67
1074	79
1075	85
1076	19
1077	79
1078	65
1079	47
1080	1
1081	86
1082	29
1083	34
1084	60
1085	77
1086	10
1087	23
1088	39
1089	77
1090	88
1091	28
1092	96
1093	82
1094	14
1095	61
1096	47
1097	6
1098	90
1099	5
1100	20
1101	32
1102	9
1103	84
1104	11
1105	67
1106	23
1107	70
1108	45
1109	85
1110	65
1111	59
1112	22
1113	81
1114	8
1115	71
1116	55
1117	40
1118	85
1119	46
1120	64
1121	21
1122	96
1123	28
1124	14
1125	17
1126	78
1127	3
1128	4
1129	6
1130	1
1131	53
1132	29
1133	76
1134	35
1135	14
1136	68
1137	93
1138	17
1139	35
1140	40
1141	69
1142	54
1143	97
1144	89
1145	90
1146	87
1147	5
1148	23
1149	78
1150	51
1151	79
1152	98
1153	81
1154	49
1155	59
1156	31
1157	27
1158	58
1159	40
1160	95
1161	6
1162	37
1163	10
1164	54
1165	65
1166	93
1167	20
1168	0
1169	95
1170	71
1171	1
1172	0
1173	51
1174	92
1175	87
1176	97
1177	86
1178	74
1179	13
1180	42
1181	0
1182	3
1183	23
1184	1
1185	80
1186	4
1187	65
1188	60
1189	94
1190	53
1191	97
1192	52
1193	83
1194	0
1195	90
1196	60
1197	75
1198	32
1199	2
1200	66
1201	28
1202	47
1203	8
1204	13
1205	39
1206	24
1207	75
1208	4
1209	36
1210	21
1211	55
1212	90
1213	88
1214	93
1215	40
1216	72
1217	87
1218	43
1219	78
1220	3
1221	80
1222	83
1223	5
1224	43
1225	64
1226	4
1227	6
1228	81
1229	82
1230	55
1231	88
1232	36
1233	86
1234	58
1235	4
1236	76
1237	37
1238	30
1239	64
1240	91
1241	29
1242	92
1243	30
1244	45
1245	11
1246	70
1247	56
1248	92
1249	85
1250	99
1251	34
1252	90
1253	95
1254	4
1255	44
1256	79
1257	77
1258	43
1259	74
1260	6
1261	43
1262	46
1263	59
1264	59
1265	85
1266	60
1267	88
1268	67
1269	10
1270	73
1271	18
1272	29
1273	97
1274	11
1275	51
1276	54
1277	93
1278	21
1279	75
1280	0
1281	43
1282	60
1283	40
1284	71
1285	34
1286	93
1287	62
1288	5
1289	68
1290	59
1291	54
1292	32
1293	80
1294	46
1295	5
1296	82
1297	30
1298	33
1299	66
1300	40
1301	20
1302	13
1303	2
1304	39
1305	83
1306	22
1307	58
1308	78
1309	19
1310	75
1311	27
1312	9
1313	20
1314	86
1315	45
1316	96
1317	44
1318	34
1319	32
1320	76
1321	50
1322	21
1323	41
1324	70
1325	50
1326	75
1327	85
1328	58
1329	29
1330	61
1331	84
1332	38
1333	16
1334	2
1335	59
1336	77
1337	47
1338	84
1339	91
1340	15
1341	51
1342	11
1343	46
1344	19
1345	37
1346	40
1347	29
1348	20
1349	23
1350	37
1351	89
1352	57
1353	46
1354	2
1355	32
1356	64
1357	30
1358	59
1359	56
1360	66
1361	65
1362	75
1363	90
1364	53
1365	6
1366	61
1367	65
1368	51
1369	70
1370	63
1371	6
1372	75
1373	71
1374	94
1375	71
1376	94
1377	25
1378	36
1379	88
1380	44
1381	82
1382	25
1383	18
1384	76
1385	86
1386	36
1387	43
1388	14
1389	94
1390	45
1391	28
1392	64
1393	38
1394	69
1395	82
1396	38
1397	63
1398	86
1399	96
1400	60
1401	36
1402	58
1403	90
1404	48
1405	85
1406	47
1407	83
1408	1
1409	5
1410	77
1411	77
1412	66
1413	1
1414	27
1415	89
1416	48
1417	58
1418	95
1419	42
1420	60
1421	36
1422	70
1423	24
1424	53
1425	69
1426	65
1427	70
1428	27
1429	29
1430	28
1431	17
1432	89
1433	76
1434	44
1435	40
1436	84
1437	59
1438	6
1439	68
1440	65
1441	72
1442	66
1443	61
1444	27
1445	96
1446	85
1447	76
1448	87
1449	79
1450	21
1451	97
1452	87
1453	50
1454	80
1455	0
1456	45
1457	2
1458	57
1459	11
1460	38
1461	65
1462	59
1463	55
1464	1
1465	43
1466	90
1467	24
1468	86
1469	19
1470	68
1471	0
1472	85
1473	27
1474	81
1475	76
1476	76
1477	75
1478	47
1479	26
1480	2
1481	40
1482	13
1483	39
1484	5
1485	70
1486	95
1487	57
1488	63
1489	36
1490	55
1491	5
1492	77
1493	16
1494	15
1495	26
1496	37
1497	76
1498	88
1499	98
1500	86
1501	75
1502	60
1503	14
1504	54
1505	58
1506	40
1507	90
1508	12
1509	9
1510	55
1511	16
1512	44
1513	98
1514	19
1515	81
1516	84
1517	66
1518	5
1519	82
1520	16
1521	96
1522	9
1523	76
1524	62
1525	36
1526	9
1527	55
1528	29
1529	72
1530	99
1531	85
1532	93
1533	53
1534	14
1535	51
1536	96
1537	68
1538	40
1539	71
1540	59
1541	48
1542	12
1543	8
1544	47
1545	73
1546	98
1547	55
1548	7
1549	0
1550	9
1551	35
1552	88
1553	41
1554	21
1555	43
1556	12
1557	55
1558	93
1559	37
1560	56
1561	74
1562	85
1563	87
1564	1
1565	71
1566	55
1567	82
1568	26
1569	57
1570	17
1571	66
1572	9
1573	39
1574	11
1575	84
1576	55
1577	0
1578	64
1579	57
1580	2
1581	94
1582	32
1583	92
1584	66
1585	8
1586	96
1587	52
1588	44
1589	63
1590	78
1591	20
1592	19
1593	91
1594	94
1595	6
1596	84
1597	67
1598	94
1599	59
1600	1
1601	42
1602	79
1603	92
1604	6
1605	42
1606	34
1607	55
1608	6
1609	95
1610	75
1611	14
1612	37
1613	94
1614	24
1615	94
1616	83
1617	36
1618	98
1619	25
1620	56
1621	2
1622	96
1623	96
1624	66
1625	58
1626	28
1627	67
1628	37
1629	47
1630	92
1631	2
1632	49
1633	91
1634	78
1635	61
1636	47
1637	13
1638	65
1639	22
1640	34
1641	59
1642	36
1643	99
1644	61
1645	59
1646	25
1647	80
1648	42
1649	90
1650	11
1651	86
1652	41
1653	46
1654	40
1655	30
1656	64
1657	44
1658	62
1659	85
1660	76
1661	22
1662	64
1663	52
1664	49
1665	83
1666	42
1667	85
1668	10
1669	13
1670	67
1671	0
1672	95
1673	4
1674	48
1675	73
1676	52
1677	84
1678	85
1679	70
1680	53
1681	97
1682	66
1683	1
1684	8
1685	65
1686	21
1687	53
1688	42
1689	8
1690	60
1691	42
1692	69
1693	83
1694	79
1695	16
1696	35
1697	50
1698	99
1699	27
1700	69
1701	96
1702	80
1703	49
1704	19
1705	13
1706	77
1707	81
1708	44
1709	67
1710	67
1711	25
1712	6
1713	6
1714	5
1715	76
1716	24
1717	69
1718	75
1719	69
1720	32
1721	23
1722	81
1723	96
1724	72
1725	44
1726	68
1727	26
1728	4
1729	30
1730	12
1731	61
1732	75
1733	83
1734	41
1735	25
1736	96
1737	39
1738	28
1739	66
1740	88
1741	39
1742	76
1743	60
1744	69
1745	89
1746	15
1747	53
1748	57
1749	76
1750	83
1751	63
1752	13
1753	32
1754	35
1755	60
1756	61
1757	96
1758	51
1759	34
1760	31
1761	96
1762	51
1763	85
1764	76
1765	38
1766	53
1767	25
1768	78
1769	65
1770	65
1771	38
1772	44
1773	44
1774	66
1775	43
1776	99
1777	65
1778	15
1779	90
1780	15
1781	13
1782	72
1783	33
1784	14
1785	0
1786	76
1787	26
1788	1
1789	91
1790	81
1791	45
1792	62
1793	75
1794	34
1795	96
1796	8
1797	49
1798	40
1799	48
1800	63
1801	60
1802	3
1803	18
1804	8
1805	98
1806	29
1807	82
1808	36
1809	38
1810	87
1811	35
1812	51
1813	19
1814	55
1815	5
1816	79
1817	55
1818	93
1819	73
1820	79
1821	1
1822	13
1823	2
1824	97
1825	8
1826	51
1827	13
1828	8
1829	20
1830	51
1831	74
1832	13
1833	7
1834	52
1835	78
1836	76
1837	72
1838	32
1839	62
1840	20
1841	37
1842	69
1843	10
1844	43
1845	84
1846	31
1847	59
1848	67
1849	24
1850	10
1851	58
1852	63
1853	73
1854	35
1855	29
1856	62
1857	74
1858	4
1859	70
1860	18
1861	92
1862	53
1863	88
1864	32
1865	11
1866	7
1867	14
1868	89
1869	28
1870	63
1871	10
1872	82
1873	26
1874	78
1875	17
1876	85
1877	15
1878	40
1879	21
1880	43
1881	12
1882	48
1883	18
1884	25
1885	45
1886	16
1887	83
1888	11
1889	98
1890	34
1891	97
1892	8
1893	35
1894	67
1895	73
1896	25
1897	43
1898	19
1899	62
1900	5
1901	57
1902	3
1903	10
1904	58
1905	12
1906	26
1907	49
1908	23
1909	68
1910	75
1911	57
1912	26
1913	74
1914	64
1915	2
1916	49
1917	84
1918	92
1919	39
1920	68
1921	19
1922	17
1923	79
1924	73
1925	38
1926	84
1927	9
1928	60
1929	56
1930	46
1931	89
1932	74
1933	35
1934	75
1935	14
1936	38
1937	84
1938	65
1939	2
1940	3
1941	79
1942	36
1943	51
1944	2
1945	22
1946	73
1947	97
1948	35
1949	98
1950	38
1951	9
1952	70
1953	47
1954	37
1955	95
1956	69
1957	2
1958	89
1959	88
1960	5
1961	37
1962	86
1963	96
1964	71
1965	86
1966	11
1967	67
1968	12
1969	45
1970	79
1971	60
1972	24
1973	83
1974	49
1975	77
1976	77
1977	41
1978	10
1979	90
1980	64
1981	7
1982	82
1983	30
1984	17
1985	74
1986	82
1987	51
1988	68
1989	65
1990	73
1991	27
1992	39
1993	87
1994	48
1995	75
1996	92
1997	86
1998	96
1999	68
2000	77
2001	15
2002	64
2003	98
2004	15
2005	74
2006	41
2007	41
2008	47
2009	67
2010	83
2011	44
2012	86
2013	51
2014	88
2015	88
2016	37
2017	89
2018	80
2019	69
2020	39
2021	16
2022	24
2023	97
2024	71
2025	74
2026	92
2027	37
2028	49
2029	11
2030	25
2031	70
2032	36
2033	88
2034	0
2035	65
2036	22
2037	51
2038	1
2039	50
2040	85
2041	3
2042	47
2043	76
2044	23
2045	58
2046	5
2047	13
2048	17
2049	71
2050	43
2051	90
2052	16
2053	80
2054	75
2055	70
2056	81
2057	77
2058	71
2059	8
2060	39
2061	49
2062	55
2063	15
2064	98
2065	9
2066	91
2067	9
2068	63
2069	2
2070	27
2071	72
2072	91
2073	74
2074	36
2075	22
2076	14
2077	84
2078	53
2079	17
2080	98
2081	17
2082	90
2083	74
2084	33
2085	11
2086	89
2087	54
2088	80
2089	8
2090	30
2091	62
2092	4
2093	52
2094	97
2095	85
2096	79
2097	9
2098	76
2099	10
2100	0
2101	83
2102	42
2103	28
2104	5
2105	23
2106	20
2107	65
2108	95
2109	26
2110	99
2111	86
2112	20
2113	23
2114	67
2115	13
2116	44
2117	47
2118	26
2119	62
2120	41
2121	8
2122	20
2123	56
2124	18
2125	88
2126	64
2127	0
2128	46
2129	41
2130	49
2131	31
2132	67
2133	30
2134	87
2135	29
2136	30
2137	67
2138	85
2139	58
2140	99
2141	98
2142	79
2143	78
2144	38
2145	8
2146	56
2147	6
2148	15
2149	10
2150	23
2151	25
2152	43
2153	21
2154	4
2155	38
2156	16
2157	42
2158	19
2159	54
2160	73
2161	96
2162	36
2163	6
2164	27
2165	67
2166	65
2167	67
2168	35
2169	61
2170	77
2171	98
2172	72
2173	93
2174	17
2175	72
2176	49
2177	93
2178	46
2179	66
2180	50
2181	2
2182	32
2183	63
2184	83
2185	10
2186	34
2187	51
2188	46
2189	32
2190	58
2191	5
2192	29
2193	16
2194	2
2195	65
2196	25
2197	98
2198	29
2199	2
2200	99
2201	46
2202	17
2203	87
2204	64
2205	47
2206	90
2207	73
2208	84
2209	33
2210	14
2211	73
2212	87
2213	65
2214	43
2215	37
2216	13
2217	91
2218	85
2219	72
2220	16
2221	95
2222	6
2223	84
2224	85
2225	13
2226	99
2227	9
2228	27
2229	36
2230	34
2231	31
2232	35
2233	94
2234	97
2235	29
2236	93
2237	40
2238	62
2239	67
2240	49
2241	32
2242	66
2243	39
2244	75
2245	85
2246	6
2247	74
2248	37
2249	54
2250	79
2251	89
2252	18
2253	99
2254	50
2255	67
2256	99
2257	28
2258	52
2259	37
2260	62
2261	83
2262	36
2263	89
2264	27
2265	96
2266	21
2267	86
2268	25
2269	1
2270	12
2271	36
2272	93
2273	20
2274	91
2275	72
2276	87
2277	1
2278	29
2279	86
2280	30
2281	12
2282	94
2283	18
2284	89
2285	53
2286	26
2287	15
2288	75
2289	12
2290	83
2291	47
2292	83
2293	32
2294	12
2295	1
2296	23
2297	92
2298	41
2299	8
2300	35
2301	52
2302	44
2303	63
2304	83
2305	74
2306	61
2307	7
2308	42
2309	4
2310	39
2311	41
2312	73
2313	72
2314	4
2315	43
2316	43
2317	31
2318	99
2319	83
2320	51
2321	2
2322	76
2323	1
2324	81
2325	75
2326	53
2327	21
2328	90
2329	87
2330	1
2331	56
2332	72
2333	54
2334	91
2335	57
2336	81
2337	93
2338	16
2339	29
2340	19
2341	64
2342	12
2343	16
2344	17
2345	55
2346	91
2347	79
2348	74
2349	58
2350	53
2351	87
2352	93
2353	78
2354	77
2355	12
2356	88
2357	88
2358	40
2359	47
2360	13
2361	25
2362	48
2363	78
2364	66
2365	92
2366	92
2367	69
2368	56
2369	2
2370	24
2371	70
2372	97
2373	28
2374	69
2375	54
2376	43
2377	24
2378	12
2379	28
2380	33
2381	95
2382	46
2383	47
2384	85
2385	15
2386	85
2387	64
2388	72
2389	64
2390	60
2391	90
2392	55
2393	81
2394	72
2395	85
2396	39
2397	8
2398	7
2399	11
2400	75
2401	92
2402	76
2403	98
2404	17
2405	44
2406	33
2407	92
2408	67
2409	4
2410	71
2411	8
2412	52
2413	28
2414	73
2415	36
2416	93
2417	9
2418	28
2419	68
2420	17
2421	77
2422	85
2423	79
2424	77
2425	67
2426	55
2427	23
2428	5
2429	31
2430	81
2431	47
2432	95
2433	65
2434	42
2435	16
2436	24
2437	20
2438	65
2439	72
2440	84
2441	86
2442	96
2443	95
2444	4
2445	43
2446	99
2447	45
2448	74
2449	6
2450	33
2451	74
2452	88
2453	44
2454	40
2455	40
2456	11
2457	80
2458	3
2459	98
2460	66
2461	58
2462	21
2463	54
2464	76
2465	9
2466	64
2467	77
2468	43
2469	99
2470	0
2471	52
2472	11
2473	44
2474	31
2475	79
2476	23
2477	14
2478	66
2479	30
2480	55
2481	87
2482	30
2483	68
2484	3
2485	70
2486	40
2487	83
2488	28
2489	68
2490	82
2491	55
2492	5
2493	55
2494	28
2495	23
2496	42
2497	13
2498	16
2499	93
2500	16
2501	23
2502	70
2503	83
2504	24
2505	54
2506	27
2507	26
2508	99
2509	95
2510	90
2511	52
2512	94
2513	34
2514	97
2515	23
2516	84
2517	81
2518	74
2519	80
2520	81
2521	22
2522	81
2523	98
2524	38
2525	48
2526	49
2527	34
2528	80
2529	20
2530	56
2531	0
2532	89
2533	7
2534	76
2535	78
2536	22
2537	21
2538	50
2539	5
2540	6
2541	32
2542	89
2543	94
2544	44
2545	87
2546	91
2547	34
2548	94
2549	2
2550	1
2551	93
2552	90
2553	35
2554	60
2555	70
2556	38
2557	64
2558	33
2559	48
2560	11
2561	99
2562	29
2563	42
2564	5
2565	7
2566	77
2567	19
2568	63
2569	53
2570	75
2571	92
2572	66
2573	19
2574	94
2575	52
2576	29
2577	13
2578	20
2579	51
2580	65
2581	78
2582	33
2583	48
2584	86
2585	62
2586	31
2587	32
2588	75
2589	42
2590	99
2591	7
2592	18
2593	42
2594	27
2595	50
2596	92
2597	7
2598	14
2599	48
2600	64
2601	5
2602	21
2603	3
2604	2
2605	14
2606	70
2607	74
2608	40
2609	13
2610	4
2611	56
2612	89
2613	11
2614	91
2615	60
2616	58
2617	80
2618	2
2619	80
2620	47
2621	92
2622	55
2623	21
2624	46
2625	84
2626	42
2627	37
2628	67
2629	79
2630	82
2631	84
2632	16
2633	57
2634	10
2635	81
2636	55
2637	79
2638	11
2639	77
2640	22
2641	90
2642	15
2643	82
2644	7
2645	23
2646	54
2647	98
2648	18
2649	72
2650	53
2651	78
2652	49
2653	40
2654	54
2655	26
2656	3
2657	1
2658	70
2659	35
2660	16
2661	79
2662	18
2663	40
2664	21
2665	22
2666	56
2667	64
2668	15
2669	57
2670	25
2671	28
2672	71
2673	93
2674	25
2675	37
2676	29
2677	24
2678	67
2679	0
2680	1
2681	27
2682	60
2683	82
2684	8
2685	60
2686	27
2687	84
2688	24
2689	18
2690	83
2691	8
2692	21
2693	59
2694	28
2695	99
2696	51
2697	84
2698	0
2699	82
2700	8
2701	11
2702	10
2703	87
2704	54
2705	2
2706	22
2707	48
2708	13
2709	44
2710	97
2711	36
2712	92
2713	60
2714	71
2715	67
2716	39
2717	79
2718	2
2719	85
2720	50
2721	63
2722	21
2723	47
2724	84
2725	15
2726	99
2727	65
2728	20
2729	6
2730	54
2731	7
2732	40
2733	91
2734	85
2735	71
2736	68
2737	87
2738	26
2739	25
2740	10
2741	30
2742	56
2743	29
2744	91
2745	92
2746	57
2747	7
2748	67
2749	49
2750	60
2751	69
2752	73
2753	15
2754	19
2755	2
2756	11
2757	11
2758	4
2759	98
2760	70
2761	37
2762	2
2763	29
2764	49
2765	80
2766	75
2767	83
2768	16
2769	83
2770	44
2771	54
2772	28
2773	61
2774	57
2775	40
2776	45
2777	51
2778	40
2779	95
2780	85
2781	33
2782	37
2783	74
2784	36
2785	67
2786	59
2787	87
2788	45
2789	68
2790	9
2791	83
2792	85
2793	36
2794	16
2795	26
2796	18
2797	70
2798	26
2799	95
2800	91
2801	4
2802	54
2803	84
2804	43
2805	31
2806	0
2807	92
2808	31
2809	0
2810	78
2811	30
2812	66
2813	25
2814	35
2815	18
2816	44
2817	58
2818	31
2819	18
2820	43
2821	48
2822	6
2823	47
2824	18
2825	23
2826	68
2827	68
2828	43
2829	80
2830	86
2831	71
2832	21
2833	98
2834	86
2835	19
2836	59
2837	27
2838	87
2839	61
2840	1
2841	67
2842	28
2843	35
2844	13
2845	28
2846	4
2847	52
2848	49
2849	89
2850	5
2851	49
2852	27
2853	0
2854	90
2855	30
2856	37
2857	24
2858	50
2859	60
2860	29
2861	4
2862	70
2863	80
2864	94
2865	38
2866	46
2867	42
2868	45
2869	44
2870	64
2871	79
2872	62
2873	97
2874	78
2875	89
2876	5
2877	10
2878	72
2879	4
2880	26
2881	55
2882	39
2883	58
2884	63
2885	88
2886	49
2887	29
2888	34
2889	25
2890	13
2891	25
2892	54
2893	33
2894	86
2895	97
2896	49
2897	32
2898	8
2899	30
2900	19
2901	52
2902	91
2903	23
2904	99
2905	86
2906	44
2907	9
2908	57
2909	71
2910	90
2911	83
2912	32
2913	53
2914	46
2915	43
2916	69
2917	53
2918	64
2919	43
2920	16
2921	30
2922	55
2923	70
2924	88
2925	75
2926	47
2927	94
2928	63
2929	55
2930	73
2931	39
2932	71
2933	30
2934	51
2935	64
2936	64
2937	53
2938	94
2939	19
2940	98
2941	3
2942	98
2943	76
2944	19
2945	14
2946	66
2947	30
2948	43
2949	33
2950	18
2951	28
2952	96
2953	32
2954	6
2955	94
2956	37
2957	98
2958	88
2959	80
2960	75
2961	28
2962	89
2963	97
2964	72
2965	66
2966	20
2967	2
2968	44
2969	59
2970	36
2971	83
2972	21
2973	38
2974	33
2975	23
2976	50
2977	59
2978	19
2979	35
2980	72
2981	29
2982	3
2983	64
2984	66
2985	66
2986	47
2987	82
2988	15
2989	50
2990	73
2991	78
2992	82
2993	10
2994	80
2995	64
2996	86
2997	16
2998	87
2999	58
3000	84
3001	75
3002	30
3003	40
3004	59
3005	48
3006	58
3007	8
3008	42
3009	80
3010	93
3011	76
3012	80
3013	46
3014	52
3015	32
3016	33
3017	97
3018	7
3019	86
3020	65
3021	91
3022	67
3023	32
3024	56
3025	13
3026	54
3027	31
3028	1
3029	32
3030	87
3031	46
3032	4
3033	29
3034	60
3035	15
3036	74
3037	33
3038	46
3039	44
3040	7
3041	32
3042	96
3043	47
3044	36
3045	34
3046	69
3047	47
3048	74
3049	92
3050	36
3051	93
3052	44
3053	65
3054	81
3055	22
3056	40
3057	59
3058	99
3059	12
3060	70
3061	54
3062	68
3063	20
3064	75
3065	55
3066	93
3067	72
3068	32
3069	73
3070	40
3071	66
3072	72
3073	75
3074	40
3075	53
3076	46
3077	6
3078	8
3079	53
3080	56
3081	0
3082	27
3083	37
3084	58
3085	88
3086	88
3087	9
3088	67
3089	69
3090	66
3091	28
3092	75
3093	65
3094	95
3095	36
3096	70
3097	30
3098	43
3099	19
3100	28
3101	48
3102	96
3103	34
3104	38
3105	62
3106	96
3107	34
3108	84
3109	27
3110	40
3111	30
3112	85
3113	93
3114	4
3115	36
3116	73
3117	12
3118	71
3119	76
3120	5
3121	94
3122	61
3123	94
3124	6
3125	11
3126	64
3127	84
3128	84
3129	9
3130	4
3131	56
3132	2
3133	78
3134	15
3135	29
3136	24
3137	69
3138	90
3139	26
3140	29
3141	71
3142	42
3143	7
3144	99
3145	10
3146	51
3147	31
3148	67
3149	9
3150	79
3151	3
3152	22
3153	23
3154	34
3155	81
3156	46
3157	79
3158	17
3159	62
3160	50
3161	85
3162	74
3163	38
3164	63
3165	43
3166	4
3167	2
3168	8
3169	35
3170	52
3171	88
3172	45
3173	88
3174	20
3175	27
3176	62
3177	4
3178	16
3179	6
3180	50
3181	8
3182	23
3183	42
3184	73
3185	87
3186	99
3187	40
3188	23
3189	10
3190	81
3191	94
3192	72
3193	29
3194	11
3195	74
3196	97
3197	59
3198	92
3199	37
3200	79
3201	44
3202	8
3203	81
3204	40
3205	49
3206	77
3207	46
3208	3
3209	38
3210	62
3211	40
3212	89
3213	43
3214	27
3215	78
3216	30
3217	44
3218	18
3219	68
3220	41
3221	86
3222	61
3223	38
3224	2
3225	71
3226	52
3227	40
3228	82
3229	91
3230	2
3231	54
3232	20
3233	53
3234	92
3235	9
3236	86
3237	9
3238	10
3239	13
3240	78
3241	52
3242	83
3243	11
3244	0
3245	3
3246	72
3247	78
3248	63
3249	98
3250	28
3251	61
3252	57
3253	88
3254	7
3255	8
3256	83
3257	19
3258	17
3259	64
3260	32
3261	61
3262	78
3263	82
3264	77
3265	34
3266	85
3267	52
3268	39
3269	26
3270	18
3271	75
3272	54
3273	71
3274	53
3275	69
3276	80
3277	8
3278	85
3279	34
3280	2
3281	62
3282	13
3283	7
3284	85
3285	60
3286	18
3287	83
3288	88
3289	94
3290	50
3291	61
3292	13
3293	18
3294	97
3295	16
3296	51
3297	82
3298	31
3299	78
3300	72
3301	18
3302	30
3303	40
3304	9
3305	19
3306	82
3307	66
3308	27
3309	15
3310	90
3311	99
3312	35
3313	95
3314	9
3315	89
3316	7
3317	26
3318	51
3319	59
3320	76
3321	19
3322	27
3323	9
3324	80
3325	78
3326	63
3327	88
3328	65
3329	18
3330	74
3331	90
3332	76
3333	31
3334	49
3335	52
3336	92
3337	95
3338	16
3339	12
3340	87
3341	10
3342	88
3343	12
3344	20
3345	38
3346	92
3347	64
3348	62
3349	58
3350	45
3351	57
3352	92
3353	87
3354	80
3355	26
3356	30
3357	38
3358	22
3359	47
3360	21
3361	97
3362	82
3363	49
3364	75
3365	0
3366	11
3367	64
3368	30
3369	48
3370	4
3371	70
3372	79
3373	26
3374	95
3375	57
3376	19
3377	31
3378	74
3379	60
3380	34
3381	65
3382	41
3383	80
3384	80
3385	98
3386	48
3387	12
3388	37
3389	44
3390	96
3391	76
3392	80
3393	40
3394	79
3395	27
3396	73
3397	29
3398	65
3399	35
3400	5
3401	13
3402	22
3403	35
3404	83
3405	20
3406	29
3407	31
3408	68
3409	9
3410	55
3411	77
3412	19
3413	25
3414	6
3415	44
3416	99
3417	51
3418	37
3419	21
3420	43
3421	14
3422	13
3423	75
3424	57
3425	58
3426	20
3427	52
3428	62
3429	53
3430	54
3431	26
3432	2
3433	39
3434	98
3435	72
3436	15
3437	86
3438	97
3439	28
3440	5
3441	48
3442	6
3443	31
3444	37
3445	15
3446	8
3447	93
3448	98
3449	71
3450	61
3451	91
3452	82
3453	46
3454	56
3455	0
3456	18
3457	20
3458	91
3459	71
3460	42
3461	62
3462	47
3463	7
3464	28
3465	38
3466	56
3467	4
3468	83
3469	6
3470	64
3471	34
3472	92
3473	34
3474	45
3475	49
3476	48
3477	75
3478	64
3479	28
3480	89
3481	81
3482	42
3483	32
3484	28
3485	61
3486	25
3487	40
3488	0
3489	29
3490	18
3491	5
3492	26
3493	75
3494	91
3495	88
3496	92
3497	76
3498	92
3499	29
3500	92
3501	30
3502	88
3503	57
3504	89
3505	24
3506	90
3507	40
3508	81
3509	58
3510	9
3511	60
3512	36
3513	65
3514	94
3515	1
3516	0
3517	80
3518	97
3519	14
3520	82
3521	94
3522	19
3523	34
3524	61
3525	68
3526	70
3527	88
3528	10
3529	32
3530	50
3531	37
3532	56
3533	92
3534	1
3535	87
3536	33
3537	52
3538	27
3539	36
3540	71
3541	22
3542	4
3543	25
3544	86
3545	85
3546	6
3547	45
3548	2
3549	89
3550	59
3551	58
3552	29
3553	83
3554	80
3555	50
3556	46
3557	1
3558	13
3559	68
3560	21
3561	44
3562	58
3563	97
3564	21
3565	10
3566	69
3567	70
3568	0
3569	2
3570	70
3571	93
3572	38
3573	17
3574	68
3575	44
3576	79
3577	58
3578	70
3579	67
3580	79
3581	66
3582	95
3583	76
3584	89
3585	63
3586	98
3587	17
3588	3
3589	94
3590	59
3591	46
3592	86
3593	28
3594	59
3595	9
3596	2
3597	10
3598	83
3599	49
3600	82
3601	25
3602	24
3603	74
3604	42
3605	49
3606	97
3607	32
3608	29
3609	27
3610	2
3611	18
3612	37
3613	30
3614	86
3615	85
3616	50
3617	42
3618	9
3619	34
3620	52
3621	63
3622	65
3623	88
3624	77
3625	89
3626	15
3627	5
3628	19
3629	94
3630	4
3631	57
3632	14
3633	62
3634	69
3635	48
3636	47
3637	92
3638	96
3639	37
3640	2
3641	17
3642	58
3643	31
3644	6
3645	60
3646	15
3647	24
3648	79
3649	53
3650	89
3651	2
3652	35
3653	48
3654	6
3655	33
3656	21
3657	99
3658	12
3659	85
3660	48
3661	88
3662	6
3663	52
3664	85
3665	60
3666	33
3667	43
3668	53
3669	92
3670	5
3671	63
3672	50
3673	83
3674	50
3675	46
3676	41
3677	50
3678	95
3679	6
3680	92
3681	52
3682	74
3683	13
3684	97
3685	53
3686	50
3687	22
3688	23
3689	9
3690	19
3691	84
3692	37
3693	67
3694	73
3695	44
3696	11
3697	24
3698	24
3699	87
3700	37
3701	51
3702	46
3703	95
3704	67
3705	62
3706	42
3707	99
3708	29
3709	99
3710	89
3711	73
3712	11
3713	86
3714	20
3715	67
3716	23
3717	74
3718	62
3719	22
3720	3
3721	96
3722	8
3723	43
3724	7
3725	70
3726	23
3727	97
3728	55
3729	62
3730	22
3731	60
3732	74
3733	55
3734	9
3735	56
3736	67
3737	1
3738	65
3739	53
3740	49
3741	58
3742	58
3743	23
3744	22
3745	56
3746	31
3747	27
3748	8
3749	51
3750	46
3751	37
3752	40
3753	35
3754	84
3755	54
3756	97
3757	99
3758	11
3759	49
3760	54
3761	1
3762	34
3763	65
3764	99
3765	94
3766	54
3767	90
3768	6
3769	38
3770	49
3771	81
3772	98
3773	81
3774	5
3775	11
3776	93
3777	69
3778	7
3779	2
3780	64
3781	92
3782	84
3783	55
3784	11
3785	46
3786	9
3787	36
3788	35
3789	89
3790	90
3791	50
3792	71
3793	57
3794	22
3795	19
3796	66
3797	66
3798	96
3799	62
3800	34
3801	25
3802	72
3803	99
3804	97
3805	99
3806	42
3807	26
3808	66
3809	93
3810	79
3811	16
3812	83
3813	77
3814	74
3815	61
3816	68
3817	43
3818	55
3819	31
3820	41
3821	80
3822	26
3823	47
3824	79
3825	71
3826	73
3827	58
3828	39
3829	69
3830	79
3831	74
3832	53
3833	43
3834	92
3835	51
3836	83
3837	48
3838	58
3839	63
3840	95
3841	82
3842	65
3843	97
3844	61
3845	91
3846	92
3847	70
3848	98
3849	71
3850	40
3851	41
3852	71
3853	51
3854	39
3855	69
3856	14
3857	58
3858	62
3859	22
3860	68
3861	50
3862	67
3863	72
3864	7
3865	48
3866	75
3867	88
3868	79
3869	63
3870	48
3871	50
3872	4
3873	49
3874	7
3875	65
3876	58
3877	84
3878	57
3879	46
3880	10
3881	73
3882	47
3883	47
3884	37
3885	12
3886	16
3887	86
3888	8
3889	7
3890	50
3891	95
3892	74
3893	57
3894	66
3895	52
3896	90
3897	83
3898	22
3899	12
3900	40
3901	86
3902	65
3903	23
3904	63
3905	1
3906	14
3907	83
3908	75
3909	45
3910	89
3911	18
3912	16
3913	46
3914	20
3915	84
3916	71
3917	46
3918	57
3919	80
3920	32
3921	58
3922	73
3923	28
3924	14
3925	73
3926	33
3927	52
3928	36
3929	52
3930	41
3931	45
3932	29
3933	36
3934	8
3935	15
3936	10
3937	68
3938	18
3939	8
3940	35
3941	30
3942	9
3943	9
3944	7
3945	5
3946	50
3947	78
3948	58
3949	69
3950	71
3951	30
3952	39
3953	22
3954	60
3955	18
3956	67
3957	60
3958	54
3959	70
3960	57
3961	68
3962	52
3963	32
3964	79
3965	25
3966	45
3967	88
3968	1
3969	14
3970	16
3971	0
3972	37
3973	84
3974	8
3975	15
3976	76
3977	4
3978	87
3979	87
3980	21
3981	93
3982	77
3983	21
3984	4
3985	80
3986	53
3987	17
3988	1
3989	49
3990	12
3991	86
3992	38
3993	75
3994	55
3995	56
3996	27
3997	65
3998	85
3999	25
4000	66
4001	84
4002	62
4003	43
4004	71
4005	13
4006	54
4007	72
4008	19
4009	59
4010	85
4011	80
4012	68
4013	54
4014	95
4015	56
4016	8
4017	75
4018	13
4019	0
4020	92
4021	24
4022	72
4023	22
4024	31
4025	52
4026	78
4027	39
4028	74
4029	72
4030	55
4031	67
4032	19
4033	53
4034	84
4035	61
4036	13
4037	26
4038	44
4039	89
4040	7
4041	75
4042	41
4043	49
4044	99
4045	32
4046	38
4047	95
4048	83
4049	87
4050	47
4051	65
4052	48
4053	93
4054	1
4055	72
4056	16
4057	92
4058	29
4059	67
4060	50
4061	74
4062	3
4063	68
4064	92
4065	70
4066	20
4067	5
4068	89
4069	4
4070	17
4071	33
4072	17
4073	39
4074	91
4075	2
4076	18
4077	47
4078	49
4079	10
4080	92
4081	94
4082	5
4083	30
4084	86
4085	44
4086	20
4087	51
4088	4
4089	94
4090	27
4091	81
4092	69
4093	87
4094	94
4095	87
4096	78
4097	3
4098	25
4099	36
4100	40
4101	37
4102	22
4103	44
4104	36
4105	0
4106	15
4107	66
4108	58
4109	99
4110	45
4111	90
4112	33
4113	65
4114	82
4115	80
4116	16
4117	1
4118	84
4119	59
4120	16
4121	7
4122	14
4123	5
4124	42
4125	79
4126	32
4127	92
4128	29
4129	31
4130	71
4131	66
4132	35
4133	7
4134	50
4135	82
4136	89
4137	66
4138	5
4139	98
4140	9
4141	84
4142	97
4143	90
4144	47
4145	55
4146	37
4147	99
4148	56
4149	56
4150	85
4151	85
4152	35
4153	70
4154	60
4155	38
4156	21
4157	90
4158	72
4159	24
4160	73
4161	94
4162	5
4163	7
4164	85
4165	28
4166	26
4167	0
4168	24
4169	4
4170	81
4171	58
4172	13
4173	90
4174	62
4175	58
4176	93
4177	57
4178	28
4179	2
4180	97
4181	49
4182	92
4183	64
4184	11
4185	44
4186	7
4187	90
4188	3
4189	69
4190	22
4191	41
4192	37
4193	77
4194	0
4195	74
4196	62
4197	74
4198	89
4199	81
4200	73
4201	42
4202	19
4203	54
4204	13
4205	78
4206	67
4207	75
4208	93
4209	26
4210	1
4211	10
4212	95
4213	80
4214	8
4215	20
4216	61
4217	80
4218	85
4219	63
4220	66
4221	2
4222	75
4223	46
4224	46
4225	48
4226	65
4227	12
4228	82
4229	87
4230	15
4231	69
4232	23
4233	85
4234	39
4235	93
4236	5
4237	6
4238	88
4239	7
4240	51
4241	60
4242	58
4243	68
4244	70
4245	77
4246	81
4247	73
4248	92
4249	79
4250	79
4251	90
4252	24
4253	86
4254	22
4255	92
4256	60
4257	98
4258	42
4259	37
4260	17
4261	41
4262	77
4263	21
4264	19
4265	13
4266	40
4267	37
4268	13
4269	19
4270	26
4271	28
4272	65
4273	79
4274	69
4275	49
4276	18
4277	76
4278	64
4279	72
4280	66
4281	60
4282	41
4283	22
4284	47
4285	93
4286	15
4287	9
4288	46
4289	36
4290	76
4291	85
4292	80
4293	14
4294	42
4295	68
4296	24
4297	65
4298	60
4299	44
4300	57
4301	89
4302	28
4303	58
4304	25
4305	96
4306	23
4307	76
4308	4
4309	69
4310	21
4311	48
4312	72
4313	0
4314	47
4315	61
4316	57
4317	40
4318	47
4319	72
4320	97
4321	61
4322	63
4323	27
4324	97
4325	8
4326	35
4327	26
4328	99
4329	2
4330	69
4331	95
4332	50
4333	73
4334	66
4335	7
4336	83
4337	6
4338	60
4339	7
4340	99
4341	16
4342	58
4343	38
4344	69
4345	79
4346	93
4347	1
4348	1
4349	89
4350	33
4351	77
4352	72
4353	53
4354	67
4355	73
4356	6
4357	18
4358	3
4359	31
4360	0
4361	43
4362	96
4363	1
4364	70
4365	13
4366	53
4367	9
4368	53
4369	82
4370	52
4371	88
4372	46
4373	69
4374	94
4375	40
4376	3
4377	60
4378	47
4379	63
4380	80
4381	65
4382	62
4383	21
4384	44
4385	58
4386	76
4387	97
4388	66
4389	8
4390	10
4391	24
4392	7
4393	45
4394	90
4395	20
4396	35
4397	18
4398	57
4399	87
4400	25
4401	48
4402	63
4403	85
4404	35
4405	69
4406	82
4407	24
4408	23
4409	71
4410	28
4411	83
4412	16
4413	45
4414	57
4415	90
4416	53
4417	10
4418	62
4419	48
4420	73
4421	29
4422	5
4423	96
4424	39
4425	83
4426	1
4427	34
4428	96
4429	25
4430	28
4431	22
4432	63
4433	75
4434	48
4435	18
4436	45
4437	82
4438	52
4439	29
4440	4
4441	21
4442	62
4443	93
4444	79
4445	7
4446	82
4447	34
4448	39
4449	73
4450	49
4451	5
4452	27
4453	11
4454	75
4455	40
4456	33
4457	10
4458	18
4459	36
4460	69
4461	48
4462	49
4463	49
4464	21
4465	44
4466	61
4467	41
4468	9
4469	41
4470	84
4471	80
4472	24
4473	6
4474	31
4475	20
4476	87
4477	76
4478	82
4479	69
4480	17
4481	12
4482	24
4483	98
4484	41
4485	73
4486	61
4487	30
4488	40
4489	89
4490	57
4491	38
4492	7
4493	8
4494	61
4495	8
4496	37
4497	10
4498	56
4499	52
4500	17
4501	59
4502	60
4503	15
4504	52
4505	73
4506	29
4507	61
4508	90
4509	57
4510	20
4511	1
4512	75
4513	18
4514	49
4515	61
4516	73
4517	15
4518	46
4519	32
4520	41
4521	49
4522	18
4523	35
4524	36
4525	46
4526	58
4527	23
4528	51
4529	37
4530	39
4531	12
4532	23
4533	38
4534	99
4535	4
4536	83
4537	55
4538	54
4539	84
4540	51
4541	64
4542	65
4543	48
4544	87
4545	92
4546	30
4547	19
4548	33
4549	49
4550	86
4551	49
4552	32
4553	6
4554	28
4555	81
4556	6
4557	16
4558	56
4559	34
4560	49
4561	30
4562	40
4563	9
4564	90
4565	23
4566	10
4567	23
4568	38
4569	63
4570	95
4571	5
4572	18
4573	7
4574	68
4575	66
4576	27
4577	65
4578	76
4579	72
4580	80
4581	31
4582	6
4583	10
4584	68
4585	99
4586	25
4587	82
4588	43
4589	16
4590	41
4591	58
4592	69
4593	45
4594	37
4595	47
4596	97
4597	83
4598	95
4599	54
4600	13
4601	70
4602	72
4603	27
4604	20
4605	4
4606	18
4607	61
4608	0
4609	18
4610	80
4611	31
4612	22
4613	93
4614	49
4615	25
4616	46
4617	88
4618	12
4619	3
4620	61
4621	1
4622	80
4623	47
4624	55
4625	49
4626	68
4627	50
4628	43
4629	44
4630	50
4631	71
4632	35
4633	79
4634	97
4635	92
4636	3
4637	13
4638	78
4639	95
4640	85
4641	7
4642	20
4643	10
4644	27
4645	39
4646	56
4647	0
4648	30
4649	98
4650	44
4651	31
4652	39
4653	22
4654	58
4655	39
4656	64
4657	43
4658	22
4659	45
4660	69
4661	52
4662	30
4663	21
4664	77
4665	39
4666	22
4667	98
4668	37
4669	33
4670	76
4671	95
4672	51
4673	35
4674	97
4675	87
4676	79
4677	25
4678	54
4679	14
4680	11
4681	17
4682	62
4683	56
4684	98
4685	65
4686	93
4687	96
4688	60
4689	99
4690	31
4691	53
4692	92
4693	29
4694	63
4695	57
4696	75
4697	57
4698	83
4699	54
4700	44
4701	27
4702	5
4703	65
4704	58
4705	18
4706	35
4707	99
4708	82
4709	59
4710	63
4711	92
4712	86
4713	16
4714	39
4715	12
4716	88
4717	49
4718	21
4719	29
4720	71
4721	51
4722	79
4723	62
4724	17
4725	17
4726	17
4727	17
4728	96
4729	90
4730	32
4731	67
4732	90
4733	17
4734	80
4735	2
4736	97
4737	58
4738	21
4739	74
4740	33
4741	81
4742	72
4743	5
4744	47
4745	91
4746	21
4747	80
4748	46
4749	29
4750	93
4751	74
4752	84
4753	18
4754	37
4755	47
4756	86
4757	66
4758	78
4759	47
4760	85
4761	45
4762	76
4763	75
4764	59
4765	90
4766	65
4767	9
4768	29
4769	92
4770	65
4771	83
4772	79
4773	23
4774	76
4775	69
4776	85
4777	56
4778	49
4779	60
4780	45
4781	19
4782	21
4783	7
4784	56
4785	2
4786	95
4787	38
4788	37
4789	2
4790	15
4791	79
4792	26
4793	11
4794	49
4795	40
4796	85
4797	41
4798	5
4799	82
4800	86
4801	38
4802	26
4803	87
4804	40
4805	41
4806	36
4807	12
4808	81
4809	28
4810	63
4811	47
4812	68
4813	2
4814	17
4815	85
4816	98
4817	31
4818	60
4819	73
4820	73
4821	48
4822	26
4823	39
4824	54
4825	83
4826	29
4827	87
4828	29
4829	24
4830	16
4831	70
4832	39
4833	24
4834	87
4835	6
4836	28
4837	27
4838	3
4839	35
4840	91
4841	45
4842	75
4843	27
4844	71
4845	74
4846	26
4847	99
4848	40
4849	50
4850	79
4851	65
4852	94
4853	59
4854	62
4855	29
4856	38
4857	86
4858	70
4859	96
4860	92
4861	26
4862	28
4863	63
4864	69
4865	25
4866	86
4867	20
4868	23
4869	41
4870	58
4871	53
4872	22
4873	15
4874	5
4875	82
4876	30
4877	18
4878	16
4879	50
4880	67
4881	14
4882	14
4883	77
4884	69
4885	41
4886	72
4887	76
4888	42
4889	36
4890	46
4891	86
4892	85
4893	63
4894	24
4895	23
4896	64
4897	66
4898	77
4899	5
4900	38
4901	79
4902	59
4903	26
4904	55
4905	21
4906	8
4907	5
4908	29
4909	16
4910	62
4911	81
4912	78
4913	12
4914	31
4915	87
4916	76
4917	97
4918	43
4919	52
4920	21
4921	40
4922	66
4923	18
4924	87
4925	95
4926	29
4927	70
4928	15
4929	74
4930	73
4931	0
4932	63
4933	18
4934	89
4935	67
4936	6
4937	96
4938	26
4939	31
4940	5
4941	39
4942	28
4943	87
4944	67
4945	84
4946	15
4947	5
4948	57
4949	31
4950	47
4951	78
4952	4
4953	98
4954	70
4955	64
4956	68
4957	66
4958	73
4959	14
4960	75
4961	50
4962	63
4963	54
4964	32
4965	20
4966	65
4967	95
4968	82
4969	43
4970	82
4971	38
4972	69
4973	71
4974	91
4975	27
4976	39
4977	57
4978	74
4979	60
4980	3
4981	26
4982	49
4983	29
4984	91
4985	96
4986	26
4987	24
4988	28
4989	8
4990	71
4991	61
4992	92
4993	61
4994	97
4995	3
4996	64
4997	94
4998	21
4999	10
5000	36
5001	3
5002	95
5003	44
5004	12
5005	68
5006	74
5007	10
5008	93
5009	0
5010	92
5011	20
5012	26
5013	20
5014	53
5015	89
5016	45
5017	19
5018	78
5019	90
5020	53
5021	69
5022	24
5023	46
5024	37
5025	8
5026	16
5027	39
5028	95
5029	49
5030	61
5031	16
5032	7
5033	48
5034	42
5035	30
5036	4
5037	50
5038	69
5039	54
5040	22
5041	68
5042	53
5043	61
5044	26
5045	20
5046	17
5047	47
5048	59
5049	49
5050	10
5051	61
5052	21
5053	13
5054	95
5055	90
5056	11
5057	75
5058	28
5059	82
5060	69
5061	7
5062	68
5063	62
5064	9
5065	5
5066	28
5067	76
5068	52
5069	21
5070	65
5071	86
5072	58
5073	82
5074	69
5075	74
5076	91
5077	94
5078	19
5079	85
5080	8
5081	14
5082	50
5083	15
5084	34
5085	84
5086	25
5087	44
5088	98
5089	25
5090	44
5091	27
5092	78
5093	17
5094	94
5095	87
5096	0
5097	54
5098	19
5099	46
5100	21
5101	33
5102	53
5103	86
5104	65
5105	1
5106	92
5107	76
5108	5
5109	30
5110	23
5111	45
5112	25
5113	1
5114	21
5115	62
5116	18
5117	50
5118	69
5119	60
5120	37
5121	14
5122	62
5123	83
5124	3
5125	64
5126	40
5127	35
5128	24
5129	68
5130	80
5131	99
5132	21
5133	18
5134	66
5135	39
5136	78
5137	25
5138	54
5139	99
5140	17
5141	44
5142	92
5143	91
5144	10
5145	63
5146	33
5147	30
5148	4
5149	11
5150	99
5151	26
5152	13
5153	79
5154	45
5155	66
5156	62
5157	38
5158	49
5159	58
5160	62
5161	23
5162	15
5163	68
5164	30
5165	16
5166	27
5167	80
5168	61
5169	32
5170	18
5171	43
5172	78
5173	24
5174	30
5175	61
5176	23
5177	3
5178	24
5179	65
5180	12
5181	79
5182	0
5183	6
5184	45
5185	96
5186	64
5187	59
5188	13
5189	49
5190	54
5191	61
5192	42
5193	86
5194	76
5195	25
5196	62
5197	31
5198	29
5199	45
5200	36
5201	4
5202	90
5203	52
5204	51
5205	62
5206	54
5207	53
5208	51
5209	14
5210	83
5211	5
5212	86
5213	74
5214	47
5215	81
5216	3
5217	68
5218	25
5219	76
5220	91
5221	47
5222	10
5223	15
5224	52
5225	45
5226	10
5227	90
5228	47
5229	64
5230	83
5231	51
5232	25
5233	89
5234	44
5235	1
5236	71
5237	30
5238	75
5239	3
5240	71
5241	11
5242	51
5243	99
5244	7
5245	8
5246	69
5247	38
5248	65
5249	79
5250	66
5251	23
5252	28
5253	94
5254	25
5255	24
5256	71
5257	9
5258	39
5259	34
5260	68
5261	45
5262	37
5263	69
5264	49
5265	4
5266	21
5267	23
5268	83
5269	40
5270	42
5271	57
5272	70
5273	47
5274	62
5275	19
5276	82
5277	57
5278	97
5279	74
5280	59
5281	34
5282	32
5283	77
5284	1
5285	85
5286	24
5287	17
5288	20
5289	86
5290	74
5291	99
5292	21
5293	27
5294	80
5295	87
5296	67
5297	64
5298	17
5299	18
5300	84
5301	92
5302	34
5303	57
5304	13
5305	22
5306	41
5307	77
5308	42
5309	46
5310	60
5311	35
5312	58
5313	1
5314	79
5315	18
5316	88
5317	71
5318	66
5319	21
5320	34
5321	51
5322	42
5323	83
5324	3
5325	86
5326	55
5327	17
5328	60
5329	54
5330	73
5331	73
5332	47
5333	26
5334	99
5335	58
5336	92
5337	47
5338	44
5339	5
5340	25
5341	9
5342	32
5343	39
5344	26
5345	55
5346	47
5347	57
5348	87
5349	90
5350	79
5351	24
5352	46
5353	81
5354	89
5355	35
5356	92
5357	78
5358	46
5359	44
5360	80
5361	86
5362	27
5363	66
5364	34
5365	42
5366	70
5367	48
5368	91
5369	86
5370	79
5371	2
5372	26
5373	7
5374	68
5375	14
5376	95
5377	21
5378	68
5379	0
5380	20
5381	37
5382	36
5383	22
5384	48
5385	91
5386	5
5387	62
5388	70
5389	8
5390	50
5391	58
5392	78
5393	90
5394	39
5395	11
5396	3
5397	21
5398	54
5399	16
5400	97
5401	48
5402	93
5403	77
5404	58
5405	1
5406	17
5407	70
5408	32
5409	2
5410	94
5411	69
5412	9
5413	99
5414	49
5415	52
5416	4
5417	66
5418	95
5419	54
5420	0
5421	2
5422	11
5423	86
5424	3
5425	97
5426	75
5427	13
5428	9
5429	33
5430	0
5431	65
5432	91
5433	69
5434	44
5435	90
5436	51
5437	37
5438	17
5439	5
5440	98
5441	83
5442	45
5443	37
5444	89
5445	42
5446	33
5447	53
5448	57
5449	61
5450	71
5451	65
5452	70
5453	42
5454	76
5455	5
5456	35
5457	45
5458	90
5459	96
5460	80
5461	91
5462	59
5463	23
5464	0
5465	36
5466	55
5467	48
5468	6
5469	20
5470	0
5471	34
5472	36
5473	51
5474	1
5475	23
5476	80
5477	77
5478	40
5479	22
5480	23
5481	49
5482	37
5483	60
5484	0
5485	2
5486	81
5487	57
5488	21
5489	47
5490	12
5491	39
5492	96
5493	31
5494	3
5495	2
5496	13
5497	5
5498	37
5499	1
5500	92
5501	43
5502	85
5503	94
5504	95
5505	43
5506	53
5507	21
5508	11
5509	60
5510	54
5511	37
5512	40
5513	73
5514	45
5515	27
5516	42
5517	7
5518	54
5519	49
5520	14
5521	6
5522	84
5523	0
5524	58
5525	94
5526	93
5527	51
5528	42
5529	61
5530	40
5531	23
5532	84
5533	96
5534	68
5535	31
5536	51
5537	19
5538	91
5539	69
5540	96
5541	74
5542	12
5543	92
5544	34
5545	6
5546	35
5547	45
5548	9
5549	74
5550	52
5551	41
5552	57
5553	58
5554	84
5555	89
5556	97
5557	82
5558	56
5559	57
5560	42
5561	20
5562	50
5563	79
5564	50
5565	45
5566	86
5567	19
5568	99
5569	98
5570	1
5571	84
5572	17
5573	17
5574	18
5575	90
5576	18
5577	68
5578	23
5579	24
5580	91
5581	41
5582	99
5583	78
5584	76
5585	69
5586	94
5587	79
5588	4
5589	25
5590	69
5591	96
5592	42
5593	69
5594	44
5595	44
5596	42
5597	16
5598	70
5599	97
5600	57
5601	92
5602	16
5603	6
5604	97
5605	44
5606	59
5607	36
5608	95
5609	85
5610	96
5611	94
5612	2
5613	82
5614	61
5615	67
5616	1
5617	36
5618	91
5619	65
5620	37
5621	69
5622	31
5623	37
5624	26
5625	61
5626	66
5627	20
5628	25
5629	31
5630	32
5631	94
5632	70
5633	82
5634	17
5635	34
5636	44
5637	99
5638	3
5639	52
5640	34
5641	80
5642	64
5643	80
5644	65
5645	84
5646	9
5647	32
5648	64
5649	70
5650	51
5651	65
5652	79
5653	7
5654	14
5655	67
5656	17
5657	35
5658	24
5659	61
5660	49
5661	28
5662	45
5663	77
5664	93
5665	43
5666	22
5667	86
5668	78
5669	78
5670	46
5671	48
5672	15
5673	31
5674	69
5675	53
5676	20
5677	98
5678	68
5679	81
5680	22
5681	56
5682	10
5683	69
5684	66
5685	56
5686	47
5687	50
5688	28
5689	44
5690	10
5691	84
5692	80
5693	33
5694	96
5695	26
5696	76
5697	32
5698	48
5699	52
5700	31
5701	53
5702	38
5703	99
5704	89
5705	67
5706	5
5707	43
5708	39
5709	74
5710	24
5711	87
5712	3
5713	21
5714	48
5715	18
5716	35
5717	18
5718	9
5719	50
5720	59
5721	19
5722	80
5723	53
5724	64
5725	29
5726	30
5727	49
5728	56
5729	97
5730	59
5731	9
5732	76
5733	84
5734	16
5735	38
5736	65
5737	55
5738	90
5739	60
5740	42
5741	22
5742	29
5743	41
5744	23
5745	58
5746	77
5747	4
5748	24
5749	79
5750	41
5751	28
5752	46
5753	17
5754	18
5755	32
5756	99
5757	11
5758	34
5759	7
5760	80
5761	13
5762	63
5763	48
5764	79
5765	63
5766	70
5767	48
5768	99
5769	87
5770	45
5771	73
5772	34
5773	72
5774	98
5775	7
5776	29
5777	14
5778	53
5779	79
5780	59
5781	2
5782	34
5783	11
5784	28
5785	33
5786	99
5787	20
5788	41
5789	49
5790	53
5791	35
5792	65
5793	97
5794	19
5795	95
5796	46
5797	62
5798	3
5799	73
5800	66
5801	84
5802	42
5803	78
5804	34
5805	91
5806	63
5807	58
5808	30
5809	51
5810	36
5811	94
5812	79
5813	54
5814	0
5815	83
5816	13
5817	76
5818	57
5819	62
5820	16
5821	94
5822	82
5823	25
5824	87
5825	40
5826	49
5827	44
5828	20
5829	42
5830	80
5831	45
5832	47
5833	50
5834	37
5835	34
5836	77
5837	71
5838	12
5839	29
5840	69
5841	33
5842	33
5843	50
5844	48
5845	29
5846	32
5847	1
5848	2
5849	66
5850	74
5851	82
5852	77
5853	62
5854	61
5855	49
5856	29
5857	11
5858	27
5859	52
5860	81
5861	97
5862	16
5863	45
5864	78
5865	20
5866	38
5867	11
5868	77
5869	7
5870	46
5871	64
5872	16
5873	33
5874	94
5875	67
5876	18
5877	98
5878	13
5879	23
5880	59
5881	50
5882	36
5883	32
5884	53
5885	97
5886	99
5887	12
5888	88
5889	41
5890	55
5891	87
5892	53
5893	72
5894	23
5895	52
5896	70
5897	87
5898	1
5899	55
5900	30
5901	45
5902	1
5903	3
5904	36
5905	79
5906	9
5907	81
5908	17
5909	16
5910	92
5911	23
5912	4
5913	24
5914	73
5915	44
5916	95
5917	42
5918	63
5919	21
5920	92
5921	27
5922	47
5923	77
5924	65
5925	63
5926	74
5927	82
5928	8
5929	50
5930	58
5931	11
5932	98
5933	40
5934	8
5935	75
5936	28
5937	78
5938	48
5939	47
5940	98
5941	57
5942	12
5943	21
5944	40
5945	97
5946	94
5947	17
5948	74
5949	87
5950	90
5951	88
5952	36
5953	56
5954	65
5955	69
5956	47
5957	74
5958	72
5959	4
5960	44
5961	62
5962	36
5963	11
5964	34
5965	52
5966	63
5967	7
5968	94
5969	2
5970	41
5971	23
5972	0
5973	84
5974	30
5975	23
5976	64
5977	85
5978	23
5979	20
5980	16
5981	47
5982	55
5983	74
5984	25
5985	21
5986	99
5987	0
5988	57
5989	90
5990	14
5991	45
5992	37
5993	30
5994	45
5995	18
5996	31
5997	81
5998	35
5999	91
6000	75
6001	72
6002	21
6003	11
6004	26
6005	65
6006	5
6007	59
6008	56
6009	15
6010	72
6011	93
6012	97
6013	26
6014	34
6015	38
6016	79
6017	21
6018	6
6019	18
6020	90
6021	25
6022	35
6023	17
6024	32
6025	71
6026	11
6027	49
6028	16
6029	31
6030	71
6031	91
6032	70
6033	16
6034	52
6035	31
6036	94
6037	35
6038	85
6039	69
6040	83
6041	8
6042	13
6043	28
6044	15
6045	60
6046	0
6047	32
6048	97
6049	37
6050	94
6051	7
6052	86
6053	48
6054	56
6055	60
6056	40
6057	81
6058	80
6059	40
6060	9
6061	54
6062	7
6063	84
6064	76
6065	81
6066	98
6067	53
6068	83
6069	32
6070	51
6071	23
6072	70
6073	59
6074	94
6075	36
6076	24
6077	57
6078	12
6079	21
6080	96
6081	88
6082	7
6083	78
6084	17
6085	44
6086	12
6087	31
6088	51
6089	86
6090	10
6091	43
6092	98
6093	90
6094	72
6095	93
6096	49
6097	4
6098	11
6099	99
6100	26
6101	87
6102	98
6103	67
6104	65
6105	12
6106	51
6107	82
6108	14
6109	89
6110	31
6111	19
6112	39
6113	83
6114	73
6115	9
6116	91
6117	31
6118	31
6119	1
6120	94
6121	37
6122	94
6123	66
6124	11
6125	63
6126	81
6127	19
6128	37
6129	56
6130	95
6131	71
6132	73
6133	84
6134	6
6135	72
6136	3
6137	77
6138	11
6139	34
6140	75
6141	72
6142	24
6143	28
6144	8
6145	38
6146	27
6147	94
6148	97
6149	91
6150	50
6151	30
6152	96
6153	64
6154	76
6155	48
6156	45
6157	93
6158	99
6159	44
6160	7
6161	90
6162	13
6163	91
6164	22
6165	87
6166	72
6167	30
6168	97
6169	27
6170	92
6171	12
6172	70
6173	38
6174	51
6175	32
6176	41
6177	24
6178	67
6179	94
6180	6
6181	74
6182	24
6183	82
6184	75
6185	23
6186	24
6187	78
6188	70
6189	64
6190	29
6191	14
6192	15
6193	33
6194	79
6195	7
6196	67
6197	80
6198	83
6199	6
6200	66
6201	9
6202	48
6203	92
6204	95
6205	75
6206	45
6207	73
6208	90
6209	81
6210	35
6211	4
6212	25
6213	34
6214	21
6215	18
6216	84
6217	71
6218	6
6219	32
6220	32
6221	52
6222	12
6223	57
6224	83
6225	34
6226	39
6227	89
6228	50
6229	63
6230	20
6231	11
6232	27
6233	28
6234	12
6235	41
6236	94
6237	27
6238	13
6239	73
6240	40
6241	58
6242	65
6243	66
6244	16
6245	53
6246	26
6247	73
6248	35
6249	24
6250	46
6251	82
6252	58
6253	45
6254	15
6255	43
6256	69
6257	12
6258	99
6259	7
6260	42
6261	20
6262	70
6263	61
6264	88
6265	39
6266	29
6267	28
6268	64
6269	79
6270	0
6271	11
6272	15
6273	31
6274	19
6275	98
6276	86
6277	13
6278	55
6279	19
6280	43
6281	29
6282	55
6283	4
6284	76
6285	48
6286	82
6287	58
6288	94
6289	80
6290	21
6291	14
6292	71
6293	59
6294	6
6295	93
6296	1
6297	64
6298	77
6299	17
6300	8
6301	93
6302	93
6303	48
6304	43
6305	91
6306	42
6307	21
6308	20
6309	32
6310	2
6311	73
6312	29
6313	91
6314	3
6315	5
6316	54
6317	75
6318	10
6319	73
6320	57
6321	21
6322	34
6323	78
6324	46
6325	44
6326	55
6327	57
6328	73
6329	71
6330	1
6331	16
6332	29
6333	90
6334	12
6335	58
6336	31
6337	47
6338	43
6339	47
6340	24
6341	36
6342	34
6343	18
6344	40
6345	5
6346	57
6347	14
6348	28
6349	3
6350	50
6351	56
6352	15
6353	72
6354	66
6355	91
6356	97
6357	63
6358	21
6359	43
6360	21
6361	29
6362	81
6363	24
6364	41
6365	78
6366	46
6367	71
6368	48
6369	78
6370	56
6371	19
6372	68
6373	96
6374	68
6375	82
6376	57
6377	36
6378	76
6379	35
6380	59
6381	96
6382	30
6383	80
6384	0
6385	37
6386	9
6387	84
6388	98
6389	5
6390	29
6391	7
6392	44
6393	65
6394	33
6395	34
6396	39
6397	26
6398	98
6399	50
6400	29
6401	21
6402	22
6403	75
6404	26
6405	63
6406	6
6407	81
6408	96
6409	71
6410	65
6411	63
6412	73
6413	67
6414	95
6415	4
6416	35
6417	79
6418	99
6419	38
6420	72
6421	32
6422	98
6423	91
6424	55
6425	4
6426	84
6427	34
6428	12
6429	68
6430	5
6431	92
6432	27
6433	27
6434	52
6435	81
6436	32
6437	7
6438	36
6439	20
6440	88
6441	3
6442	24
6443	8
6444	48
6445	14
6446	37
6447	20
6448	13
6449	62
6450	52
6451	29
6452	95
6453	1
6454	93
6455	1
6456	46
6457	22
6458	60
6459	48
6460	50
6461	81
6462	90
6463	16
6464	50
6465	97
6466	60
6467	18
6468	25
6469	39
6470	4
6471	94
6472	31
6473	39
6474	78
6475	84
6476	15
6477	15
6478	67
6479	72
6480	58
6481	75
6482	68
6483	25
6484	99
6485	20
6486	5
6487	8
6488	32
6489	10
6490	96
6491	96
6492	50
6493	94
6494	13
6495	70
6496	30
6497	22
6498	33
6499	81
6500	94
6501	71
6502	57
6503	64
6504	6
6505	0
6506	33
6507	68
6508	2
6509	8
6510	49
6511	73
6512	97
6513	78
6514	42
6515	70
6516	32
6517	78
6518	66
6519	33
6520	43
6521	57
6522	11
6523	33
6524	81
6525	73
6526	51
6527	74
6528	78
6529	35
6530	54
6531	72
6532	1
6533	42
6534	88
6535	36
6536	60
6537	37
6538	74
6539	12
6540	26
6541	14
6542	71
6543	6
6544	79
6545	2
6546	56
6547	71
6548	7
6549	93
6550	41
6551	90
6552	64
6553	18
6554	66
6555	12
6556	54
6557	92
6558	96
6559	29
6560	43
6561	91
6562	37
6563	21
6564	20
6565	70
6566	55
6567	44
6568	59
6569	43
6570	32
6571	71
6572	33
6573	90
6574	14
6575	31
6576	36
6577	87
6578	52
6579	77
6580	82
6581	74
6582	37
6583	9
6584	98
6585	61
6586	30
6587	73
6588	53
6589	69
6590	74
6591	26
6592	76
6593	7
6594	0
6595	77
6596	9
6597	38
6598	82
6599	99
6600	12
6601	21
6602	5
6603	47
6604	21
6605	50
6606	30
6607	65
6608	11
6609	31
6610	60
6611	84
6612	47
6613	38
6614	59
6615	82
6616	11
6617	32
6618	9
6619	0
6620	90
6621	54
6622	67
6623	57
6624	18
6625	55
6626	89
6627	4
6628	70
6629	2
6630	39
6631	98
6632	50
6633	60
6634	24
6635	38
6636	40
6637	0
6638	98
6639	15
6640	13
6641	3
6642	2
6643	20
6644	85
6645	51
6646	86
6647	63
6648	59
6649	36
6650	72
6651	21
6652	74
6653	65
6654	35
6655	79
6656	93
6657	38
6658	18
6659	33
6660	14
6661	74
6662	41
6663	91
6664	50
6665	68
6666	0
6667	57
6668	36
6669	63
6670	2
6671	49
6672	89
6673	78
6674	35
6675	32
6676	28
6677	35
6678	78
6679	82
6680	0
6681	79
6682	63
6683	51
6684	15
6685	32
6686	73
6687	82
6688	56
6689	28
6690	44
6691	74
6692	73
6693	86
6694	5
6695	4
6696	44
6697	4
6698	11
6699	63
6700	20
6701	86
6702	82
6703	51
6704	41
6705	13
6706	39
6707	62
6708	12
6709	24
6710	60
6711	22
6712	12
6713	45
6714	10
6715	59
6716	35
6717	50
6718	1
6719	69
6720	28
6721	58
6722	47
6723	69
6724	83
6725	34
6726	77
6727	28
6728	67
6729	68
6730	95
6731	2
6732	73
6733	39
6734	7
6735	30
6736	30
6737	55
6738	90
6739	12
6740	54
6741	56
6742	35
6743	32
6744	44
6745	10
6746	85
6747	53
6748	60
6749	78
6750	36
6751	61
6752	57
6753	40
6754	15
6755	75
6756	93
6757	82
6758	85
6759	60
6760	28
6761	45
6762	61
6763	56
6764	89
6765	20
6766	25
6767	5
6768	51
6769	37
6770	68
6771	62
6772	84
6773	5
6774	32
6775	2
6776	27
6777	12
6778	96
6779	44
6780	80
6781	86
6782	61
6783	0
6784	22
6785	49
6786	84
6787	83
6788	2
6789	70
6790	84
6791	63
6792	79
6793	3
6794	54
6795	70
6796	97
6797	87
6798	27
6799	40
6800	42
6801	62
6802	9
6803	90
6804	16
6805	5
6806	74
6807	10
6808	42
6809	58
6810	42
6811	38
6812	79
6813	81
6814	60
6815	8
6816	33
6817	5
6818	57
6819	55
6820	25
6821	66
6822	58
6823	25
6824	67
6825	1
6826	68
6827	24
6828	70
6829	67
6830	89
6831	76
6832	96
6833	24
6834	96
6835	50
6836	49
6837	62
6838	86
6839	4
6840	45
6841	58
6842	93
6843	93
6844	83
6845	10
6846	14
6847	44
6848	39
6849	2
6850	56
6851	21
6852	40
6853	82
6854	92
6855	42
6856	45
6857	96
6858	24
6859	30
6860	63
6861	56
6862	47
6863	28
6864	73
6865	7
6866	27
6867	96
6868	15
6869	94
6870	66
6871	34
6872	83
6873	28
6874	31
6875	22
6876	97
6877	71
6878	55
6879	73
6880	75
6881	73
6882	0
6883	58
6884	50
6885	26
6886	97
6887	91
6888	69
6889	3
6890	14
6891	31
6892	92
6893	53
6894	23
6895	64
6896	12
6897	80
6898	45
6899	97
6900	22
6901	88
6902	9
6903	82
6904	53
6905	17
6906	22
6907	45
6908	82
6909	99
6910	25
6911	65
6912	31
6913	32
6914	92
6915	62
6916	40
6917	71
6918	25
6919	79
6920	38
6921	23
6922	33
6923	80
6924	89
6925	20
6926	42
6927	28
6928	46
6929	23
6930	73
6931	96
6932	78
6933	59
6934	84
6935	83
6936	10
6937	29
6938	44
6939	33
6940	93
6941	30
6942	67
6943	47
6944	7
6945	31
6946	61
6947	49
6948	96
6949	15
6950	85
6951	94
6952	69
6953	55
6954	83
6955	61
6956	98
6957	28
6958	14
6959	45
6960	2
6961	95
6962	24
6963	68
6964	8
6965	37
6966	5
6967	61
6968	92
6969	95
6970	6
6971	28
6972	41
6973	28
6974	38
6975	35
6976	45
6977	37
6978	4
6979	18
6980	12
6981	47
6982	28
6983	21
6984	85
6985	88
6986	75
6987	86
6988	52
6989	37
6990	90
6991	38
6992	73
6993	68
6994	18
6995	56
6996	58
6997	57
6998	36
6999	81
7000	45
7001	27
7002	60
7003	76
7004	28
7005	77
7006	80
7007	54
7008	71
7009	11
7010	15
7011	78
7012	70
7013	67
7014	43
7015	59
7016	80
7017	21
7018	44
7019	50
7020	26
7021	59
7022	47
7023	3
7024	71
7025	87
7026	12
7027	25
7028	2
7029	19
7030	56
7031	34
7032	57
7033	74
7034	50
7035	46
7036	2
7037	65
7038	1
7039	27
7040	17
7041	65
7042	95
7043	29
7044	96
7045	4
7046	93
7047	52
7048	76
7049	63
7050	72
7051	54
7052	39
7053	2
7054	76
7055	13
7056	79
7057	16
7058	96
7059	39
7060	19
7061	63
7062	25
7063	88
7064	41
7065	12
7066	36
7067	21
7068	85
7069	3
7070	15
7071	94
7072	40
7073	33
7074	24
7075	43
7076	49
7077	84
7078	31
7079	88
7080	85
7081	65
7082	17
7083	79
7084	85
7085	2
7086	29
7087	79
7088	27
7089	66
7090	99
7091	93
7092	81
7093	52
7094	8
7095	56
7096	81
7097	32
7098	62
7099	15
7100	71
7101	13
7102	4
7103	19
7104	8
7105	98
7106	70
7107	3
7108	33
7109	4
7110	15
7111	88
7112	8
7113	80
7114	88
7115	86
7116	75
7117	27
7118	43
7119	73
7120	80
7121	74
7122	72
7123	89
7124	60
7125	84
7126	52
7127	4
7128	29
7129	23
7130	23
7131	14
7132	38
7133	30
7134	12
7135	3
7136	49
7137	90
7138	77
7139	63
7140	85
7141	65
7142	76
7143	27
7144	77
7145	56
7146	6
7147	22
7148	62
7149	33
7150	82
7151	31
7152	57
7153	95
7154	9
7155	45
7156	97
7157	42
7158	14
7159	58
7160	60
7161	32
7162	41
7163	35
7164	52
7165	27
7166	38
7167	57
7168	58
7169	61
7170	8
7171	37
7172	47
7173	29
7174	0
7175	45
7176	36
7177	52
7178	29
7179	89
7180	36
7181	80
7182	60
7183	14
7184	80
7185	58
7186	53
7187	14
7188	86
7189	90
7190	96
7191	98
7192	83
7193	88
7194	95
7195	82
7196	12
7197	70
7198	2
7199	69
7200	28
7201	44
7202	49
7203	74
7204	61
7205	74
7206	27
7207	82
7208	72
7209	88
7210	34
7211	73
7212	27
7213	48
7214	31
7215	69
7216	38
7217	26
7218	55
7219	40
7220	81
7221	8
7222	41
7223	22
7224	6
7225	58
7226	96
7227	46
7228	50
7229	24
7230	5
7231	84
7232	63
7233	67
7234	99
7235	17
7236	94
7237	90
7238	29
7239	67
7240	42
7241	85
7242	60
7243	47
7244	57
7245	29
7246	3
7247	44
7248	34
7249	32
7250	13
7251	94
7252	49
7253	0
7254	59
7255	80
7256	4
7257	83
7258	17
7259	13
7260	22
7261	5
7262	15
7263	73
7264	50
7265	57
7266	21
7267	80
7268	86
7269	47
7270	91
7271	63
7272	73
7273	11
7274	93
7275	18
7276	64
7277	59
7278	23
7279	27
7280	93
7281	47
7282	41
7283	86
7284	62
7285	26
7286	42
7287	76
7288	6
7289	34
7290	47
7291	17
7292	41
7293	25
7294	98
7295	24
7296	42
7297	55
7298	96
7299	77
7300	77
7301	47
7302	61
7303	22
7304	91
7305	29
7306	92
7307	57
7308	27
7309	15
7310	95
7311	27
7312	67
7313	4
7314	37
7315	30
7316	40
7317	82
7318	2
7319	48
7320	11
7321	36
7322	12
7323	43
7324	69
7325	84
7326	76
7327	73
7328	98
7329	12
7330	13
7331	65
7332	19
7333	84
7334	17
7335	17
7336	53
7337	68
7338	64
7339	75
7340	50
7341	71
7342	0
7343	67
7344	83
7345	34
7346	39
7347	99
7348	4
7349	1
7350	84
7351	78
7352	96
7353	92
7354	69
7355	38
7356	40
7357	55
7358	85
7359	41
7360	92
7361	60
7362	30
7363	76
7364	4
7365	5
7366	13
7367	51
7368	54
7369	67
7370	27
7371	25
7372	62
7373	12
7374	17
7375	31
7376	54
7377	50
7378	72
7379	28
7380	60
7381	21
7382	20
7383	49
7384	93
7385	11
7386	14
7387	12
7388	45
7389	20
7390	87
7391	27
7392	33
7393	52
7394	20
7395	25
7396	33
7397	73
7398	13
7399	56
7400	4
7401	58
7402	87
7403	55
7404	9
7405	6
7406	35
7407	92
7408	76
7409	24
7410	68
7411	99
7412	90
7413	15
7414	96
7415	49
7416	49
7417	5
7418	71
7419	87
7420	44
7421	92
7422	17
7423	99
7424	40
7425	24
7426	79
7427	69
7428	41
7429	46
7430	76
7431	33
7432	20
7433	27
7434	14
7435	85
7436	81
7437	78
7438	20
7439	49
7440	28
7441	27
7442	91
7443	86
7444	97
7445	39
7446	15
7447	91
7448	78
7449	49
7450	87
7451	68
7452	1
7453	52
7454	4
7455	50
7456	87
7457	39
7458	23
7459	9
7460	28
7461	67
7462	34
7463	60
7464	89
7465	51
7466	98
7467	78
7468	69
7469	54
7470	79
7471	74
7472	75
7473	43
7474	49
7475	82
7476	36
7477	33
7478	22
7479	86
7480	69
7481	27
7482	60
7483	35
7484	37
7485	50
7486	90
7487	91
7488	7
7489	46
7490	55
7491	70
7492	94
7493	59
7494	92
7495	63
7496	44
7497	17
7498	20
7499	7
7500	5
7501	99
7502	14
7503	36
7504	73
7505	21
7506	81
7507	35
7508	2
7509	98
7510	79
7511	78
7512	57
7513	64
7514	69
7515	4
7516	42
7517	35
7518	83
7519	58
7520	59
7521	21
7522	9
7523	67
7524	59
7525	80
7526	49
7527	30
7528	17
7529	71
7530	88
7531	96
7532	37
7533	78
7534	29
7535	29
7536	9
7537	61
7538	1
7539	48
7540	64
7541	32
7542	93
7543	51
7544	96
7545	64
7546	1
7547	86
7548	46
7549	56
7550	78
7551	27
7552	48
7553	66
7554	64
7555	47
7556	23
7557	53
7558	34
7559	51
7560	96
7561	45
7562	14
7563	1
7564	49
7565	57
7566	44
7567	35
7568	56
7569	94
7570	63
7571	63
7572	51
7573	80
7574	1
7575	58
7576	35
7577	18
7578	17
7579	86
7580	60
7581	71
7582	43
7583	59
7584	26
7585	56
7586	47
7587	69
7588	79
7589	30
7590	50
7591	68
7592	68
7593	28
7594	66
7595	90
7596	89
7597	78
7598	92
7599	26
7600	78
7601	85
7602	81
7603	2
7604	20
7605	11
7606	11
7607	26
7608	45
7609	35
7610	58
7611	24
7612	80
7613	98
7614	59
7615	85
7616	37
7617	85
7618	55
7619	54
7620	21
7621	87
7622	53
7623	20
7624	17
7625	35
7626	12
7627	46
7628	58
7629	91
7630	17
7631	52
7632	62
7633	93
7634	21
7635	34
7636	6
7637	27
7638	81
7639	75
7640	23
7641	86
7642	14
7643	20
7644	42
7645	11
7646	29
7647	57
7648	24
7649	57
7650	93
7651	30
7652	35
7653	28
7654	28
7655	56
7656	97
7657	43
7658	79
7659	74
7660	11
7661	78
7662	30
7663	91
7664	29
7665	86
7666	49
7667	98
7668	29
7669	73
7670	85
7671	22
7672	25
7673	12
7674	18
7675	21
7676	59
7677	88
7678	81
7679	31
7680	72
7681	77
7682	55
7683	52
7684	40
7685	37
7686	42
7687	66
7688	62
7689	76
7690	77
7691	18
7692	68
7693	1
7694	3
7695	10
7696	78
7697	86
7698	43
7699	20
7700	29
7701	42
7702	95
7703	86
7704	18
7705	8
7706	50
7707	97
7708	5
7709	83
7710	56
7711	32
7712	24
7713	93
7714	26
7715	5
7716	44
7717	34
7718	68
7719	8
7720	84
7721	97
7722	56
7723	10
7724	69
7725	10
7726	56
7727	90
7728	79
7729	86
7730	80
7731	22
7732	46
7733	44
7734	49
7735	51
7736	43
7737	63
7738	14
7739	50
7740	66
7741	30
7742	74
7743	91
7744	1
7745	40
7746	50
7747	26
7748	92
7749	35
7750	57
7751	50
7752	69
7753	54
7754	2
7755	53
7756	62
7757	92
7758	70
7759	81
7760	70
7761	41
7762	20
7763	13
7764	36
7765	97
7766	98
7767	1
7768	20
7769	80
7770	98
7771	28
7772	60
7773	56
7774	97
7775	17
7776	43
7777	14
7778	87
7779	37
7780	66
7781	16
7782	54
7783	70
7784	7
7785	24
7786	9
7787	40
7788	75
7789	38
7790	49
7791	57
7792	3
7793	93
7794	11
7795	53
7796	32
7797	75
7798	23
7799	29
7800	20
7801	56
7802	30
7803	73
7804	69
7805	60
7806	19
7807	40
7808	97
7809	24
7810	89
7811	22
7812	56
7813	61
7814	49
7815	26
7816	75
7817	83
7818	34
7819	31
7820	17
7821	30
7822	84
7823	90
7824	87
7825	82
7826	64
7827	25
7828	37
7829	76
7830	58
7831	70
7832	84
7833	78
7834	21
7835	87
7836	20
7837	88
7838	92
7839	94
7840	96
7841	66
7842	52
7843	23
7844	97
7845	42
7846	29
7847	61
7848	24
7849	50
7850	93
7851	78
7852	79
7853	11
7854	19
7855	94
7856	86
7857	61
7858	29
7859	83
7860	74
7861	51
7862	51
7863	56
7864	4
7865	43
7866	33
7867	88
7868	46
7869	35
7870	47
7871	58
7872	56
7873	63
7874	43
7875	30
7876	0
7877	19
7878	15
7879	3
7880	71
7881	62
7882	70
7883	33
7884	80
7885	81
7886	51
7887	47
7888	8
7889	53
7890	41
7891	69
7892	1
7893	91
7894	41
7895	40
7896	63
7897	34
7898	84
7899	10
7900	9
7901	25
7902	24
7903	5
7904	80
7905	44
7906	68
7907	44
7908	64
7909	68
7910	85
7911	85
7912	67
7913	42
7914	89
7915	7
7916	10
7917	47
7918	51
7919	88
7920	96
7921	11
7922	79
7923	44
7924	42
7925	2
7926	88
7927	44
7928	14
7929	80
7930	67
7931	25
7932	15
7933	97
7934	84
7935	42
7936	41
7937	76
7938	85
7939	21
7940	78
7941	37
7942	7
7943	10
7944	30
7945	27
7946	22
7947	93
7948	85
7949	31
7950	99
7951	90
7952	27
7953	87
7954	49
7955	96
7956	83
7957	59
7958	61
7959	78
7960	37
7961	69
7962	63
7963	47
7964	70
7965	73
7966	98
7967	69
7968	3
7969	92
7970	24
7971	4
7972	55
7973	35
7974	92
7975	50
7976	98
7977	40
7978	89
7979	55
7980	99
7981	84
7982	8
7983	31
7984	0
7985	64
7986	45
7987	4
7988	33
7989	1
7990	15
7991	86
7992	31
7993	84
7994	14
7995	34
7996	44
7997	44
7998	75
7999	30
8000	17
8001	23
8002	67
8003	35
8004	52
8005	80
8006	4
8007	70
8008	47
8009	86
8010	25
8011	29
8012	57
8013	6
8014	49
8015	97
8016	72
8017	2
8018	80
8019	41
8020	57
8021	86
8022	90
8023	54
8024	33
8025	5
8026	97
8027	7
8028	64
8029	22
8030	38
8031	22
8032	84
8033	18
8034	59
8035	84
8036	87
8037	45
8038	56
8039	53
8040	35
8041	76
8042	44
8043	74
8044	44
8045	81
8046	79
8047	51
8048	63
8049	86
8050	74
8051	71
8052	54
8053	49
8054	51
8055	48
8056	15
8057	82
8058	92
8059	2
8060	19
8061	19
8062	3
8063	99
8064	68
8065	80
8066	36
8067	44
8068	78
8069	70
8070	99
8071	95
8072	43
8073	43
8074	76
8075	68
8076	15
8077	13
8078	9
8079	42
8080	25
8081	0
8082	91
8083	90
8084	76
8085	34
8086	45
8087	76
8088	68
8089	20
8090	79
8091	83
8092	55
8093	87
8094	43
8095	52
8096	24
8097	26
8098	94
8099	7
8100	4
8101	92
8102	41
8103	36
8104	74
8105	70
8106	87
8107	73
8108	94
8109	82
8110	67
8111	73
8112	97
8113	91
8114	79
8115	14
8116	87
8117	85
8118	93
8119	12
8120	69
8121	37
8122	6
8123	53
8124	9
8125	46
8126	29
8127	58
8128	97
8129	23
8130	77
8131	24
8132	10
8133	25
8134	39
8135	89
8136	18
8137	10
8138	35
8139	5
8140	81
8141	84
8142	30
8143	36
8144	43
8145	76
8146	70
8147	2
8148	19
8149	62
8150	6
8151	6
8152	61
8153	85
8154	68
8155	62
8156	66
8157	8
8158	62
8159	67
8160	19
8161	52
8162	33
8163	8
8164	70
8165	95
8166	41
8167	33
8168	92
8169	87
8170	1
8171	82
8172	56
8173	59
8174	70
8175	19
8176	29
8177	14
8178	96
8179	91
8180	48
8181	4
8182	49
8183	97
8184	85
8185	35
8186	75
8187	12
8188	17
8189	1
8190	97
8191	66
8192	29
8193	33
8194	58
8195	92
8196	93
8197	12
8198	1
8199	12
8200	40
8201	64
8202	69
8203	58
8204	71
8205	3
8206	77
8207	59
8208	73
8209	46
8210	77
8211	97
8212	35
8213	21
8214	97
8215	25
8216	85
8217	48
8218	61
8219	27
8220	14
8221	25
8222	82
8223	63
8224	52
8225	29
8226	59
8227	41
8228	96
8229	61
8230	69
8231	50
8232	5
8233	5
8234	63
8235	11
8236	3
8237	0
8238	73
8239	39
8240	24
8241	91
8242	4
8243	44
8244	35
8245	96
8246	10
8247	31
8248	85
8249	27
8250	96
8251	61
8252	25
8253	28
8254	2
8255	63
8256	83
8257	88
8258	98
8259	42
8260	58
8261	43
8262	45
8263	64
8264	24
8265	15
8266	87
8267	43
8268	31
8269	58
8270	58
8271	27
8272	97
8273	94
8274	59
8275	4
8276	64
8277	89
8278	9
8279	66
8280	60
8281	85
8282	30
8283	48
8284	26
8285	98
8286	8
8287	57
8288	96
8289	39
8290	9
8291	65
8292	11
8293	0
8294	76
8295	1
8296	28
8297	46
8298	41
8299	38
8300	95
8301	57
8302	75
8303	96
8304	73
8305	6
8306	16
8307	56
8308	98
8309	85
8310	53
8311	38
8312	31
8313	85
8314	52
8315	33
8316	6
8317	24
8318	61
8319	53
8320	0
8321	62
8322	33
8323	68
8324	83
8325	66
8326	14
8327	17
8328	34
8329	1
8330	12
8331	54
8332	43
8333	54
8334	12
8335	96
8336	64
8337	4
8338	52
8339	25
8340	1
8341	18
8342	19
8343	60
8344	89
8345	24
8346	71
8347	12
8348	95
8349	96
8350	88
8351	27
8352	18
8353	52
8354	3
8355	21
8356	6
8357	52
8358	96
8359	97
8360	70
8361	12
8362	62
8363	93
8364	15
8365	83
8366	50
8367	61
8368	61
8369	95
8370	67
8371	67
8372	21
8373	93
8374	37
8375	90
8376	56
8377	78
8378	53
8379	9
8380	63
8381	87
8382	1
8383	8
8384	80
8385	34
8386	69
8387	72
8388	13
8389	89
8390	73
8391	80
8392	56
8393	89
8394	81
8395	72
8396	43
8397	89
8398	68
8399	59
8400	61
8401	44
8402	70
8403	6
8404	47
8405	98
8406	38
8407	34
8408	61
8409	62
8410	11
8411	23
8412	37
8413	57
8414	73
8415	31
8416	63
8417	67
8418	88
8419	99
8420	90
8421	31
8422	38
8423	66
8424	19
8425	5
8426	87
8427	67
8428	20
8429	96
8430	39
8431	28
8432	60
8433	19
8434	79
8435	53
8436	21
8437	53
8438	40
8439	20
8440	83
8441	56
8442	16
8443	60
8444	1
8445	75
8446	23
8447	36
8448	2
8449	56
8450	56
8451	64
8452	43
8453	89
8454	74
8455	56
8456	60
8457	70
8458	98
8459	14
8460	4
8461	93
8462	18
8463	18
8464	21
8465	31
8466	34
8467	81
8468	89
8469	42
8470	99
8471	42
8472	72
8473	57
8474	86
8475	22
8476	55
8477	3
8478	12
8479	72
8480	79
8481	8
8482	45
8483	40
8484	47
8485	34
8486	25
8487	68
8488	2
8489	28
8490	47
8491	76
8492	57
8493	82
8494	97
8495	40
8496	73
8497	44
8498	81
8499	30
8500	94
8501	49
8502	63
8503	46
8504	45
8505	41
8506	32
8507	86
8508	48
8509	74
8510	3
8511	53
8512	31
8513	96
8514	87
8515	39
8516	70
8517	56
8518	76
8519	68
8520	98
8521	63
8522	14
8523	14
8524	70
8525	20
8526	85
8527	11
8528	28
8529	63
8530	91
8531	68
8532	96
8533	67
8534	81
8535	43
8536	45
8537	39
8538	77
8539	55
8540	82
8541	13
8542	80
8543	25
8544	77
8545	51
8546	9
8547	33
8548	76
8549	50
8550	98
8551	36
8552	60
8553	77
8554	3
8555	92
8556	23
8557	96
8558	57
8559	70
8560	69
8561	88
8562	92
8563	95
8564	48
8565	6
8566	61
8567	10
8568	77
8569	39
8570	67
8571	31
8572	99
8573	94
8574	28
8575	76
8576	51
8577	78
8578	81
8579	53
8580	53
8581	36
8582	28
8583	66
8584	55
8585	17
8586	98
8587	58
8588	73
8589	24
8590	77
8591	57
8592	33
8593	34
8594	59
8595	78
8596	52
8597	95
8598	78
8599	89
8600	33
8601	58
8602	56
8603	20
8604	18
8605	19
8606	59
8607	49
8608	90
8609	96
8610	93
8611	29
8612	74
8613	98
8614	33
8615	16
8616	72
8617	37
8618	47
8619	36
8620	70
8621	90
8622	50
8623	20
8624	36
8625	22
8626	70
8627	54
8628	18
8629	55
8630	60
8631	78
8632	96
8633	64
8634	58
8635	95
8636	11
8637	2
8638	79
8639	23
8640	9
8641	54
8642	7
8643	87
8644	26
8645	3
8646	73
8647	65
8648	55
8649	89
8650	90
8651	77
8652	84
8653	20
8654	40
8655	12
8656	49
8657	43
8658	23
8659	95
8660	84
8661	76
8662	43
8663	37
8664	67
8665	84
8666	91
8667	11
8668	90
8669	1
8670	34
8671	29
8672	45
8673	12
8674	89
8675	15
8676	37
8677	61
8678	13
8679	82
8680	56
8681	18
8682	43
8683	26
8684	81
8685	32
8686	54
8687	39
8688	89
8689	93
8690	19
8691	1
8692	72
8693	40
8694	12
8695	56
8696	86
8697	67
8698	96
8699	26
8700	79
8701	38
8702	92
8703	80
8704	70
8705	57
8706	8
8707	27
8708	94
8709	71
8710	52
8711	61
8712	98
8713	91
8714	5
8715	59
8716	11
8717	80
8718	20
8719	36
8720	35
8721	62
8722	62
8723	59
8724	81
8725	5
8726	27
8727	69
8728	73
8729	76
8730	81
8731	94
8732	31
8733	15
8734	4
8735	54
8736	4
8737	37
8738	72
8739	21
8740	36
8741	49
8742	27
8743	4
8744	21
8745	49
8746	2
8747	8
8748	5
8749	62
8750	18
8751	92
8752	61
8753	15
8754	64
8755	14
8756	68
8757	65
8758	3
8759	59
8760	51
8761	32
8762	82
8763	0
8764	97
8765	38
8766	66
8767	74
8768	42
8769	13
8770	33
8771	70
8772	24
8773	83
8774	77
8775	75
8776	87
8777	16
8778	4
8779	28
8780	31
8781	33
8782	97
8783	17
8784	13
8785	31
8786	17
8787	70
8788	31
8789	66
8790	60
8791	71
8792	52
8793	46
8794	87
8795	12
8796	96
8797	13
8798	51
8799	48
8800	56
8801	49
8802	19
8803	50
8804	87
8805	9
8806	22
8807	44
8808	94
8809	91
8810	92
8811	64
8812	14
8813	84
8814	1
8815	94
8816	35
8817	48
8818	33
8819	51
8820	12
8821	34
8822	11
8823	55
8824	62
8825	39
8826	43
8827	2
8828	66
8829	67
8830	38
8831	65
8832	92
8833	8
8834	94
8835	29
8836	54
8837	11
8838	71
8839	25
8840	34
8841	27
8842	78
8843	24
8844	96
8845	21
8846	85
8847	75
8848	40
8849	10
8850	40
8851	93
8852	21
8853	31
8854	59
8855	77
8856	23
8857	18
8858	24
8859	97
8860	78
8861	83
8862	67
8863	24
8864	40
8865	90
8866	38
8867	11
8868	44
8869	9
8870	71
8871	85
8872	45
8873	83
8874	99
8875	24
8876	91
8877	3
8878	29
8879	17
8880	44
8881	10
8882	50
8883	83
8884	52
8885	7
8886	48
8887	13
8888	95
8889	80
8890	17
8891	62
8892	77
8893	15
8894	83
8895	49
8896	4
8897	29
8898	66
8899	99
8900	17
8901	72
8902	59
8903	92
8904	33
8905	55
8906	93
8907	52
8908	2
8909	34
8910	70
8911	6
8912	35
8913	39
8914	82
8915	42
8916	4
8917	80
8918	79
8919	33
8920	24
8921	65
8922	33
8923	53
8924	97
8925	58
8926	70
8927	29
8928	58
8929	66
8930	12
8931	90
8932	57
8933	34
8934	42
8935	7
8936	34
8937	1
8938	8
8939	63
8940	37
8941	85
8942	91
8943	88
8944	44
8945	58
8946	54
8947	62
8948	65
8949	20
8950	55
8951	11
8952	55
8953	48
8954	85
8955	82
8956	92
8957	8
8958	59
8959	74
8960	80
8961	56
8962	30
8963	52
8964	28
8965	84
8966	81
8967	37
8968	66
8969	66
8970	94
8971	90
8972	64
8973	90
8974	48
8975	59
8976	28
8977	67
8978	84
8979	11
8980	20
8981	18
8982	53
8983	50
8984	27
8985	33
8986	94
8987	33
8988	84
8989	73
8990	82
8991	22
8992	22
8993	36
8994	6
8995	88
8996	26
8997	78
8998	3
8999	50
9000	71
9001	25
9002	82
9003	13
9004	27
9005	24
9006	26
9007	82
9008	34
9009	53
9010	10
9011	20
9012	15
9013	26
9014	48
9015	74
9016	82
9017	77
9018	90
9019	81
9020	99
9021	77
9022	63
9023	57
9024	98
9025	29
9026	46
9027	72
9028	28
9029	28
9030	68
9031	15
9032	9
9033	75
9034	32
9035	24
9036	23
9037	35
9038	92
9039	9
9040	75
9041	84
9042	22
9043	75
9044	88
9045	71
9046	21
9047	56
9048	77
9049	12
9050	18
9051	3
9052	56
9053	3
9054	31
9055	9
9056	98
9057	48
9058	39
9059	78
9060	45
9061	75
9062	17
9063	7
9064	33
9065	71
9066	75
9067	46
9068	82
9069	79
9070	99
9071	36
9072	51
9073	17
9074	49
9075	78
9076	22
9077	27
9078	50
9079	3
9080	8
9081	57
9082	86
9083	47
9084	88
9085	97
9086	82
9087	36
9088	10
9089	64
9090	57
9091	75
9092	41
9093	73
9094	69
9095	34
9096	75
9097	91
9098	37
9099	65
9100	78
9101	12
9102	46
9103	3
9104	22
9105	80
9106	79
9107	98
9108	48
9109	41
9110	82
9111	23
9112	74
9113	32
9114	94
9115	93
9116	21
9117	98
9118	62
9119	85
9120	68
9121	3
9122	8
9123	19
9124	80
9125	71
9126	8
9127	60
9128	51
9129	79
9130	36
9131	71
9132	10
9133	2
9134	17
9135	19
9136	23
9137	36
9138	16
9139	58
9140	41
9141	93
9142	66
9143	69
9144	76
9145	51
9146	34
9147	24
9148	4
9149	82
9150	58
9151	69
9152	26
9153	45
9154	0
9155	17
9156	2
9157	2
9158	55
9159	46
9160	80
9161	64
9162	73
9163	13
9164	26
9165	29
9166	89
9167	15
9168	39
9169	2
9170	76
9171	20
9172	86
9173	7
9174	5
9175	35
9176	30
9177	59
9178	49
9179	89
9180	22
9181	37
9182	47
9183	43
9184	0
9185	47
9186	89
9187	82
9188	27
9189	16
9190	45
9191	99
9192	43
9193	69
9194	44
9195	26
9196	47
9197	65
9198	66
9199	32
9200	25
9201	77
9202	27
9203	18
9204	12
9205	27
9206	32
9207	96
9208	31
9209	27
9210	85
9211	72
9212	10
9213	91
9214	3
9215	91
9216	15
9217	64
9218	39
9219	46
9220	88
9221	23
9222	79
9223	23
9224	20
9225	43
9226	93
9227	8
9228	79
9229	98
9230	38
9231	60
9232	22
9233	82
9234	4
9235	29
9236	96
9237	65
9238	65
9239	1
9240	84
9241	68
9242	24
9243	53
9244	20
9245	41
9246	78
9247	45
9248	3
9249	33
9250	33
9251	93
9252	83
9253	77
9254	84
9255	42
9256	86
9257	70
9258	88
9259	13
9260	24
9261	12
9262	59
9263	25
9264	74
9265	20
9266	37
9267	93
9268	13
9269	1
9270	11
9271	11
9272	68
9273	61
9274	36
9275	84
9276	24
9277	57
9278	14
9279	45
9280	36
9281	90
9282	89
9283	83
9284	66
9285	24
9286	45
9287	73
9288	50
9289	61
9290	1
9291	10
9292	8
9293	39
9294	45
9295	34
9296	48
9297	28
9298	32
9299	21
9300	78
9301	59
9302	67
9303	87
9304	36
9305	7
9306	51
9307	44
9308	22
9309	8
9310	10
9311	8
9312	53
9313	38
9314	1
9315	35
9316	64
9317	94
9318	9
9319	19
9320	75
9321	32
9322	80
9323	54
9324	45
9325	55
9326	55
9327	4
9328	1
9329	13
9330	79
9331	54
9332	77
9333	95
9334	80
9335	9
9336	40
9337	41
9338	46
9339	18
9340	39
9341	62
9342	47
9343	33
9344	55
9345	82
9346	75
9347	35
9348	5
9349	45
9350	44
9351	96
9352	2
9353	5
9354	97
9355	75
9356	50
9357	40
9358	29
9359	46
9360	45
9361	72
9362	20
9363	60
9364	34
9365	37
9366	59
9367	15
9368	36
9369	61
9370	66
9371	58
9372	77
9373	47
9374	71
9375	93
9376	18
9377	81
9378	25
9379	13
9380	53
9381	63
9382	67
9383	17
9384	11
9385	37
9386	51
9387	59
9388	11
9389	99
9390	72
9391	12
9392	63
9393	12
9394	64
9395	75
9396	75
9397	13
9398	95
9399	27
9400	79
9401	35
9402	77
9403	48
9404	98
9405	43
9406	54
9407	47
9408	1
9409	31
9410	44
9411	21
9412	93
9413	66
9414	1
9415	25
9416	34
9417	82
9418	16
9419	67
9420	25
9421	82
9422	31
9423	22
9424	76
9425	82
9426	99
9427	47
9428	29
9429	15
9430	32
9431	16
9432	86
9433	68
9434	52
9435	31
9436	81
9437	35
9438	79
9439	22
9440	33
9441	22
9442	16
9443	29
9444	55
9445	41
9446	31
9447	96
9448	94
9449	92
9450	2
9451	55
9452	82
9453	22
9454	31
9455	45
9456	8
9457	66
9458	33
9459	11
9460	65
9461	3
9462	43
9463	26
9464	88
9465	31
9466	10
9467	16
9468	38
9469	97
9470	38
9471	49
9472	57
9473	55
9474	37
9475	55
9476	25
9477	7
9478	40
9479	47
9480	64
9481	74
9482	83
9483	7
9484	16
9485	24
9486	91
9487	87
9488	94
9489	91
9490	66
9491	17
9492	74
9493	1
9494	59
9495	46
9496	58
9497	25
9498	81
9499	3
9500	57
9501	82
9502	79
9503	41
9504	30
9505	65
9506	19
9507	28
9508	58
9509	74
9510	0
9511	4
9512	31
9513	5
9514	17
9515	74
9516	74
9517	66
9518	55
9519	27
9520	51
9521	89
9522	78
9523	47
9524	40
9525	30
9526	53
9527	11
9528	28
9529	34
9530	32
9531	52
9532	31
9533	3
9534	24
9535	92
9536	96
9537	65
9538	26
9539	84
9540	98
9541	37
9542	48
9543	33
9544	52
9545	4
9546	37
9547	50
9548	64
9549	57
9550	16
9551	30
9552	87
9553	33
9554	25
9555	29
9556	51
9557	84
9558	28
9559	77
9560	25
9561	29
9562	34
9563	95
9564	26
9565	58
9566	90
9567	9
9568	99
9569	26
9570	25
9571	95
9572	9
9573	44
9574	51
9575	22
9576	3
9577	8
9578	87
9579	69
9580	98
9581	2
9582	29
9583	54
9584	13
9585	63
9586	38
9587	97
9588	99
9589	32
9590	8
9591	64
9592	43
9593	63
9594	77
9595	11
9596	8
9597	57
9598	75
9599	13
9600	94
9601	26
9602	18
9603	64
9604	28
9605	98
9606	70
9607	29
9608	59
9609	41
9610	19
9611	67
9612	64
9613	19
9614	34
9615	54
9616	58
9617	46
9618	11
9619	85
9620	25
9621	87
9622	38
9623	81
9624	51
9625	95
9626	11
9627	41
9628	60
9629	86
9630	6
9631	90
9632	33
9633	9
9634	3
9635	77
9636	13
9637	77
9638	4
9639	96
9640	49
9641	5
9642	57
9643	10
9644	30
9645	86
9646	20
9647	74
9648	26
9649	35
9650	78
9651	78
9652	39
9653	23
9654	29
9655	3
9656	20
9657	33
9658	70
9659	61
9660	38
9661	19
9662	88
9663	82
9664	38
9665	0
9666	10
9667	12
9668	58
9669	92
9670	93
9671	6
9672	57
9673	27
9674	0
9675	56
9676	93
9677	9
9678	91
9679	79
9680	56
9681	33
9682	21
9683	0
9684	51
9685	29
9686	66
9687	42
9688	44
9689	38
9690	84
9691	99
9692	38
9693	38
9694	28
9695	60
9696	19
9697	50
9698	53
9699	1
9700	34
9701	99
9702	98
9703	12
9704	14
9705	33
9706	10
9707	86
9708	80
9709	98
9710	22
9711	20
9712	93
9713	93
9714	18
9715	43
9716	80
9717	14
9718	20
9719	83
9720	32
9721	94
9722	58
9723	51
9724	4
9725	73
9726	98
9727	65
9728	21
9729	48
9730	73
9731	2
9732	9
9733	74
9734	74
9735	76
9736	49
9737	11
9738	62
9739	84
9740	35
9741	39
9742	25
9743	61
9744	77
9745	90
9746	94
9747	94
9748	50
9749	12
9750	47
9751	29
9752	27
9753	4
9754	72
9755	4
9756	21
9757	14
9758	87
9759	36
9760	15
9761	70
9762	50
9763	25
9764	3
9765	77
9766	42
9767	8
9768	2
9769	14
9770	7
9771	82
9772	82
9773	38
9774	48
9775	18
9776	75
9777	97
9778	37
9779	15
9780	37
9781	45
9782	24
9783	36
9784	78
9785	5
9786	82
9787	63
9788	20
9789	47
9790	35
9791	5
9792	66
9793	31
9794	84
9795	11
9796	60
9797	72
9798	45
9799	28
9800	69
9801	10
9802	46
9803	23
9804	21
9805	22
9806	40
9807	20
9808	16
9809	41
9810	23
9811	88
9812	98
9813	43
9814	54
9815	64
9816	61
9817	33
9818	80
9819	56
9820	24
9821	7
9822	48
9823	96
9824	2
9825	87
9826	19
9827	32
9828	57
9829	51
9830	55
9831	18
9832	97
9833	2
9834	88
9835	41
9836	76
9837	26
9838	45
9839	78
9840	19
9841	79
9842	16
9843	50
9844	87
9845	84
9846	50
9847	98
9848	7
9849	70
9850	73
9851	18
9852	83
9853	49
9854	8
9855	62
9856	54
9857	35
9858	23
9859	76
9860	76
9861	54
9862	9
9863	60
9864	70
9865	94
9866	51
9867	34
9868	92
9869	88
9870	58
9871	84
9872	89
9873	94
9874	16
9875	16
9876	74
9877	98
9878	55
9879	85
9880	93
9881	11
9882	91
9883	51
9884	72
9885	99
9886	63
9887	42
9888	99
9889	55
9890	16
9891	54
9892	75
9893	53
9894	98
9895	57
9896	94
9897	16
9898	80
9899	70
9900	56
9901	79
9902	67
9903	51
9904	26
9905	87
9906	38
9907	4
9908	94
9909	31
9910	37
9911	13
9912	27
9913	86
9914	49
9915	1
9916	60
9917	16
9918	48
9919	60
9920	73
9921	10
9922	46
9923	64
9924	13
9925	68
9926	35
9927	37
9928	3
9929	97
9930	67
9931	7
9932	59
9933	66
9934	61
9935	46
9936	78
9937	97
9938	28
9939	52
9940	27
9941	34
9942	69
9943	39
9944	4
9945	59
9946	38
9947	81
9948	5
9949	19
9950	47
9951	88
9952	35
9953	93
9954	20
9955	92
9956	30
9957	55
9958	87
9959	93
9960	45
9961	51
9962	80
9963	95
9964	95
9965	27
9966	63
9967	73
9968	0
9969	17
9970	37
9971	17
9972	53
9973	90
9974	71
9975	49
9976	49
9977	39
9978	43
9979	31
9980	21
9981	14
9982	45
9983	3
9984	62
9985	67
9986	92
9987	55
9988	66
9989	83
9990	66
9991	8
9992	77
9993	66
9994	95
9995	83
9996	32
9997	13
9998	25
9999	28
10000	57
